Time(ms),TPS,AFR
1356,70,13
1406,72,15
1456,70,20
1506,69,23
1556,69,20
1606,70,22
1656,69,25
1707,70,32
1757,68,35
1807,69,41
1857,69,34
1907,67,34
1957,66,32
2007,68,31
2057,68,30
2107,69,28
2157,68,28
2207,66,29
2257,67,28
2307,67,28
2357,54,27
2407,55,28
2457,22,27
2507,32,29
2557,22,30
2607,30,49
2657,72,56
2707,16,65
2757,28,60
2807,23,11
2857,12,50
2907,12,41
2957,14,58
3007,30,52
3057,80,30
3107,91,23
3158,59,24
3208,60,28
3258,75,32
3308,71,25
3358,65,23
3408,73,38
3458,54,67
3508,47,76
3558,117,39
3608,29,40
3658,28,40
3708,58,46
3758,93,53
3808,95,51
3858,15,53
3908,158,37
3958,165,32
4008,124,22
4058,118,27
4108,119,29
4158,165,38
4208,166,32
4258,145,48
4308,126,31
4358,225,33
4408,154,31
4458,198,15
4508,244,20
4558,267,25
4608,292,33
4658,325,29
4708,358,30
4758,351,129
4808,369,134
4858,401,138
4908,365,145
4958,578,215
5008,502,148
5058,509,148
5108,542,142
5158,589,149
5208,527,148
5258,512,166
5308,477,160
5358,516,195
5408,562,206
5458,483,209
5508,551,190
5558,513,201
5608,513,206
5658,548,96
5708,499,127
5758,465,171
5808,465,240
5858,598,275
5908,585,271
5958,556,268
6008,448,241
6059,574,266
6109,633,290
6159,606,278
6209,618,284
6259,616,283
6309,586,277
6359,584,286
6409,620,286
6459,644,293
6509,648,291
6559,663,295
6609,692,305
6659,727,312
6709,758,323
6759,824,328
6809,891,302
6859,947,340
6909,976,340
6959,990,342
7009,931,349
7059,965,357
7109,997,361
7159,1000,365
7209,999,360
7259,1001,364
7309,1005,369
7359,1003,379
7409,1005,390
7459,1004,385
7510,1005,393
7560,998,377
7610,997,218
7660,1003,208
7710,1002,398
7760,1001,413
7810,994,414
7860,982,416
7910,958,407
7960,990,400
8010,1003,413
8060,1006,438
8110,1003,414
8160,998,431
8210,999,433
8260,998,432
8310,998,433
8360,996,437
8410,1000,437
8460,999,441
8510,993,444
8560,994,449
8610,988,426
8660,998,448
8710,1006,452
8760,1004,424
8810,1006,420
8860,1007,440
8910,1007,451
8960,1007,448
9010,1006,435
9060,1005,415
9110,1005,288
9160,1004,287
9210,1006,311
9260,1007,395
9310,1008,464
9360,1011,476
9410,1008,485
9460,1007,470
9510,1007,347
9560,1004,310
9610,1001,312
9660,1005,316
9710,1007,318
9760,1006,325
9810,1000,326
9860,997,330
9910,990,332
9960,997,331
10010,1002,337
10060,1006,335
10110,1000,335
10160,1006,343
10210,1007,345
10260,1008,341
10310,1007,346
10360,1009,347
10411,1008,347
10461,1005,348
10511,979,344
10561,1009,347
10611,1008,345
10661,1008,349
10711,1010,349
10761,1009,349
10811,1009,350
10861,1009,348
10911,1010,348
10961,1011,346
11011,1004,352
11061,990,347
11111,973,396
11161,958,525
11211,946,533
11261,925,366
11311,911,368
11361,896,348
11411,882,348
11461,862,349
11511,842,349
11561,820,348
11611,800,417
11661,779,490
11711,764,465
11761,754,352
11811,736,486
11862,722,424
11912,708,360
11962,688,363
12012,670,365
12062,661,368
12112,649,368
12162,638,370
12212,624,445
12262,606,442
12312,593,372
12362,577,411
12412,560,395
12462,535,432
12512,507,424
12562,484,376
12612,463,408
12662,448,400
12712,436,375
12762,424,373
12812,416,386
12862,409,381
12912,398,375
12962,391,360
13012,383,364
13062,377,366
13112,374,363
13162,369,362
13212,363,359
13262,356,355
13312,350,351
13362,341,348
13412,335,342
13462,331,340
13512,338,340
13562,356,338
13612,307,320
13662,301,316
13712,289,309
13762,266,300
13812,259,295
13862,288,288
13912,238,274
13962,234,298
14012,224,293
14062,236,290
14112,246,284
14162,241,282
14212,229,260
14262,226,271
14312,213,273
14362,238,274
14412,233,275
14462,223,276
14512,210,273
14562,184,262
14612,149,264
14662,112,271
14712,77,261
14763,46,258
14813,16,256
14863,10,252
14913,13,257
14963,15,252
15013,18,243
15063,23,242
15113,23,237
15163,20,236
15213,17,232
15263,16,230
15313,14,231
15363,15,232
15413,15,230
15463,10,231
15513,9,224
15563,11,221
15613,9,228
15663,8,217
15713,6,217
15763,8,217
15813,8,220
15863,10,221
15913,12,218
15963,13,206
16013,11,204
16063,12,204
16113,15,199
16163,15,197
16214,10,186
16264,8,183
16314,8,178
16364,7,177
16414,8,176
16464,9,176
16514,13,172
16564,10,170
16614,8,164
16664,8,162
16714,9,159
16764,10,108
16814,11,119
16864,11,121
16914,8,118
16964,8,113
17014,7,114
17064,8,112
17114,8,108
17164,10,107
17214,12,104
17264,15,100
17314,29,97
17364,7,90
17414,13,88
17464,75,95
17514,81,95
17564,66,90
17614,60,85
17664,63,84
17714,56,81
17764,55,77
17814,54,75
17864,54,75
17914,55,72
17964,53,70
18014,54,68
18064,54,68
18114,53,67
18164,53,63
18214,52,55
18264,52,50
18314,52,52
18364,51,49
18414,42,46
18464,42,45
18514,43,42
18564,47,41
18614,46,41
18664,47,39
18714,44,38
18764,36,37
18814,29,34
18864,27,36
18914,24,34
18964,27,37
19014,29,37
19064,59,49
19115,75,56
19165,103,66
19215,125,77
19265,146,56
19315,186,61
19365,190,57
19415,202,62
19465,225,66
19515,245,67
19565,243,69
19615,265,71
19665,282,74
19715,266,77
19765,278,83
19815,287,86
19865,293,88
19915,299,90
19965,308,97
20015,312,104
20065,315,107
20115,320,112
20165,324,112
20215,330,130
20265,333,133
20315,339,136
20365,344,131
20415,347,135
20465,348,139
20515,354,141
20566,355,146
20616,357,146
20666,360,148
20716,362,154
20766,368,159
20816,371,163
20866,375,167
20916,378,172
20966,383,174
21016,383,190
21066,381,199
21116,387,238
21166,390,242
21216,393,249
21266,396,253
21316,401,253
21366,404,255
21416,409,267
21466,414,270
21516,419,273
21566,426,278
21616,434,280
21666,439,285
21716,445,290
21766,451,292
21816,463,298
21866,475,302
21916,496,308
21966,534,318
22016,560,323
22066,578,338
22116,597,341
22166,614,344
22216,624,341
22266,635,356
22316,653,358
22366,668,364
22416,689,368
22466,712,373
22516,714,377
22566,713,378
22616,715,376
22666,715,378
22716,719,375
22766,725,376
22816,714,375
22866,720,374
22916,711,376
22966,714,367
23016,714,374
23066,711,378
23116,709,376
23166,730,375
23216,718,380
23266,726,374
23316,768,381
23366,795,383
23416,806,388
23467,838,389
23517,881,390
23567,925,393
23617,976,396
23667,992,396
23717,990,396
23767,989,397
23817,995,399
23867,1000,402
23917,1000,410
23967,994,403
24017,987,398
24067,984,409
24117,984,406
24167,984,406
24217,984,430
24267,992,415
24317,991,420
24367,992,430
24417,989,421
24467,988,427
24517,992,441
24567,989,430
24617,988,432
24667,986,440
24717,987,442
24767,992,450
24817,997,450
24867,998,447
24918,998,453
24968,998,454
25018,998,453
25068,999,457
25118,997,461
25168,998,466
25218,999,467
25268,1000,470
25318,999,469
25368,1000,475
25418,998,472
25468,999,483
25518,999,478
25568,999,477
25618,1002,481
25668,1000,521
25718,1001,478
25768,1002,484
25818,1005,487
25868,1003,498
25918,1004,493
25968,1006,505
26018,1003,508
26068,1004,514
26118,1006,531
26168,1004,529
26218,1007,525
26268,1006,529
26318,1005,534
26368,1006,537
26418,1006,553
26468,1006,546
26518,1005,562
26568,1005,561
26618,1005,557
26668,1007,580
26718,1004,586
26768,1004,603
26818,1005,604
26868,1004,599
26918,1004,603
26968,1008,616
27018,1008,638
27068,1008,640
27118,1008,667
27168,1010,690
27218,1011,708
27268,1010,732
27318,1009,682
27368,1010,705
27418,1008,768
27468,1008,742
27518,1008,761
27568,1008,776
27618,1009,866
27668,1009,791
27718,1008,796
27768,1009,797
27819,1008,800
27869,1008,802
27919,1008,799
27969,1008,800
28019,1009,800
28069,1010,801
28119,1009,801
28169,1008,801
28219,1008,801
28269,1009,854
28319,1010,803
28369,1009,846
28419,1010,858
28469,1010,855
28519,1009,850
28569,1008,851
28619,1008,801
28669,1009,803
28719,1009,803
28769,1010,804
28819,1008,805
28869,1009,804
28919,1009,814
28969,1009,803
29019,1010,803
29069,1011,803
29119,1010,801
29169,1009,801
29219,1009,802
29270,1012,794
29320,1011,791
29370,1011,793
29420,1011,799
29470,1012,783
29520,1011,798
29570,1011,818
29620,1011,778
29670,1010,782
29720,1011,800
29770,1010,773
29820,1008,785
29870,1009,795
29920,1009,792
29970,1009,787
30020,1011,790
30070,1005,789
30120,1008,794
30170,995,807
30220,990,802
30270,998,810
30320,1013,807
30370,1010,782
30420,1009,780
30470,1010,802
30520,1010,794
30570,998,808
30620,1007,797
30670,1008,778
30720,1008,782
30770,1000,791
30820,964,789
30870,948,782
30920,910,781
30970,866,788
31020,819,784
31070,764,794
31120,733,776
31170,668,757
31220,583,731
31270,500,692
31320,445,750
31370,413,791
31420,387,785
31470,343,776
31520,306,791
31570,282,791
31620,288,794
31670,284,790
31720,279,793
31770,307,792
31820,279,779
31870,276,799
31920,274,792
31970,280,798
32020,279,804
32070,279,813
32120,279,764
32171,279,783
32221,275,789
32271,274,782
32321,275,781
32371,275,785
32421,273,807
32471,273,804
32521,268,795
32571,257,794
32621,243,784
32671,222,760
32721,208,755
32771,193,757
32821,168,754
32871,134,757
32921,90,750
32971,40,730
33021,2,720
33071,2,707
33121,2,688
33171,1,679
33221,2,675
33271,1,663
33321,1,652
33371,0,645
33421,1,642
33471,1,635
33521,1,623
33571,1,599
33622,0,590
33672,0,576
33722,0,568
33772,0,559
33822,1,565
33872,0,563
33922,0,556
33972,0,557
34022,0,556
34072,0,549
34122,0,536
34172,1,536
34222,0,536
34272,1,536
34322,1,531
34372,1,529
34422,0,528
34472,1,522
34522,1,514
34572,1,514
34622,0,511
34672,0,508
34722,1,499
34772,1,503
34822,0,503
34872,0,502
34922,0,500
34972,0,499
35022,0,497
35072,1,495
35122,0,493
35172,1,494
35222,1,490
35272,0,475
35322,0,485
35372,2,482
35422,0,489
35472,1,494
35522,1,493
35572,0,494
35622,0,494
35672,0,487
35722,0,487
35772,0,492
35822,0,488
35872,1,492
35922,1,490
35972,0,490
36022,0,490
36072,0,493
36122,0,497
36172,1,496
36222,0,496
36272,0,497
36322,0,491
36372,0,495
36422,0,492
36472,0,495
36523,1,500
36573,1,503
36623,1,483
36673,0,486
36723,2,482
36773,0,481
36823,1,477
36873,0,484
36923,1,478
36973,0,485
37023,1,491
37073,25,496
37123,68,486
37173,113,481
37223,174,492
37273,317,502
37323,434,495
37373,455,524
37423,475,531
37473,505,543
37523,558,554
37573,597,586
37623,620,586
37673,643,622
37723,663,660
37773,699,728
37823,742,759
37873,787,776
37923,836,781
37974,892,779
38024,909,782
38074,907,779
38124,907,780
38174,908,783
38224,907,784
38274,894,785
38324,828,784
38374,908,785
38424,908,742
38474,907,773
38524,931,767
38574,984,790
38624,1007,789
38674,1009,785
38724,1007,785
38774,1007,794
38824,1009,794
38874,1008,799
38924,1007,804
38974,1007,809
39024,1009,812
39074,1010,812
39124,1008,822
39174,1008,825
39224,1009,831
39274,1010,835
39324,1008,843
39374,1008,849
39424,1010,850
39474,1009,855
39524,1011,864
39574,1009,865
39624,1009,873
39674,1009,879
39724,1008,881
39774,1008,888
39824,1009,888
39874,1010,893
39924,1008,888
39974,1008,885
40024,1010,893
40074,1008,894
40124,1009,902
40174,1011,909
40224,1008,913
40274,1010,919
40324,1009,925
40374,1009,927
40424,1009,934
40474,1011,931
40524,1011,931
40574,1008,933
40624,1009,931
40674,1009,932
40724,1009,932
40774,1009,932
40824,1009,930
40875,1009,928
40925,1009,927
40975,1010,930
41025,1009,930
41075,1009,931
41125,1009,930
41175,1011,945
41225,1009,939
41275,1009,928
41325,1010,932
41375,1009,927
41425,1008,928
41475,1009,928
41525,1008,927
41575,1009,928
41625,1009,926
41675,1011,924
41725,1010,916
41775,1009,926
41825,1011,922
41875,1009,926
41925,1009,926
41975,1008,925
42025,1009,930
42075,1009,932
42125,1009,944
42175,1008,950
42225,1008,933
42275,1008,949
42326,1007,950
42376,1007,952
42426,1007,933
42476,1006,947
42526,1007,933
42576,1005,932
42626,1006,932
42676,1005,933
42726,1004,934
42776,1006,933
42826,1005,932
42876,1005,931
42926,1004,932
42976,1006,930
43026,1005,929
43076,1005,927
43126,1006,926
43176,1008,925
43226,1006,925
43276,987,922
43326,929,919
43376,883,927
43426,840,927
43476,810,927
43526,762,928
43576,690,929
43626,579,934
43676,466,935
43726,417,937
43776,369,937
43826,313,936
43876,262,935
43926,189,938
43976,139,937
44026,66,938
44076,4,938
44126,1,938
44176,1,938
44226,1,938
44276,2,939
44326,2,938
44376,1,935
44426,2,928
44476,3,920
44526,3,916
44576,2,906
44626,3,896
44676,2,892
44726,4,891
44776,6,882
44826,9,878
44876,16,875
44926,5,874
44976,7,866
45026,6,863
45076,6,855
45126,5,851
45176,5,843
45227,5,838
45277,5,839
45327,4,827
45377,5,827
45427,5,828
45477,5,781
45527,5,806
45577,5,821
45627,5,822
45677,4,817
45727,4,808
45777,4,811
45827,4,800
45877,4,796
45927,3,789
45977,3,784
46027,4,775
46077,4,778
46127,3,778
46177,4,773
46227,4,767
46277,3,759
46327,4,755
46377,4,750
46427,3,712
46477,3,699
46527,4,716
46577,3,708
46627,4,708
46678,4,704
46728,3,700
46778,4,697
46828,3,694
46878,4,666
46928,5,699
46978,4,698
47028,3,706
47078,4,701
47128,4,652
47178,4,639
47228,4,628
47278,4,628
47328,3,613
47378,5,580
47428,4,541
47478,4,544
47528,4,514
47578,4,487
47628,4,526
47678,4,486
47728,4,478
47778,4,490
47828,4,469
47878,4,404
47928,4,479
47978,3,480
48028,4,484
48078,5,503
48128,5,513
48178,4,512
48228,4,513
48278,5,508
48328,5,511
48378,4,513
48428,4,516
48478,3,499
48528,3,493
48578,3,494
48628,3,495
48678,5,475
48728,4,449
48778,4,435
48828,4,422
48878,4,420
48928,6,413
48978,5,393
49028,5,377
49078,6,346
49128,6,320
49178,5,299
49228,5,283
49278,4,270
49328,5,262
49378,5,254
49428,6,244
49478,7,228
49528,6,209
49579,7,199
49629,7,195
49679,7,195
49729,7,187
49779,7,176
49829,6,166
49879,6,145
49929,7,137
49979,7,125
50029,7,128
50079,6,117
50129,7,117
50179,6,121
50229,7,126
50279,7,119
50329,7,119
50379,7,105
50429,6,105
50479,8,122
50529,7,124
50579,8,123
50629,35,125
50679,15,118
50729,47,111
50779,87,122
50829,9,89
50879,3,70
50929,8,86
50979,2,34
51030,3,39
51080,2,42
51130,2,40
51180,1,35
51230,2,69
51280,1,53
51330,1,8
51380,1,6
51430,2,6
51480,3,5
51530,2,6
51580,3,4
51630,3,5
51680,3,4
51730,2,4
51780,3,4
51830,3,3
51880,4,3
51930,3,5
51980,3,4
52030,3,4
52080,3,5
52130,3,4
52180,3,4
52230,3,4
52280,3,4
52330,3,5
52380,3,4
52430,3,4
52480,2,4
52530,3,4
52580,3,4
