Time(ms),TPS,AFR,TMP,VEL
135050,19,4,146,0
135100,19,4,146,0
135150,19,4,146,0
135200,18,5,146,0
135250,19,5,147,0
135300,19,4,146,0
135350,20,4,146,0
135400,19,4,146,0
135450,19,4,146,0
135500,19,4,147,0
135550,18,5,147,0
135600,20,4,146,0
135650,19,3,147,0
135700,19,3,147,0
135750,19,3,146,0
135800,19,4,146,0
135850,19,4,147,0
135900,19,4,147,0
135950,19,4,146,0
136000,19,4,146,0
136050,19,4,146,0
136100,19,4,146,0
136150,19,4,146,0
136200,20,5,147,0
136250,21,3,147,0
136300,20,4,146,0
136350,19,4,146,0
136400,19,3,147,0
136450,19,4,146,0
136500,18,4,147,0
136550,18,5,147,0
136600,20,3,146,0
136650,19,4,146,0
136700,19,4,146,0
136750,19,4,147,0
136800,19,4,146,0
136850,18,5,147,0
136900,18,5,147,0
136950,19,3,146,0
137000,19,3,146,0
137050,19,3,146,0
137100,19,4,146,0
137150,19,3,147,0
137200,18,5,147,0
137250,19,4,147,0
137300,18,3,146,0
137350,19,4,147,0
137400,19,4,146,0
137450,19,3,146,0
137500,18,4,147,0
137550,18,5,147,0
137600,18,3,146,0
137650,18,4,146,0
137700,19,3,146,0
137750,18,3,146,0
137800,18,4,147,0
137850,18,4,146,0
137900,19,3,147,0
137950,19,4,146,0
138000,19,4,146,0
138050,19,4,146,0
138100,18,4,147,0
138150,19,4,146,0
138200,18,5,147,0
138250,19,3,146,0
138300,18,3,146,0
138350,19,3,146,0
138400,19,4,146,0
138450,19,3,147,0
138500,18,5,147,0
138550,18,4,147,0
138600,18,3,146,0
138650,18,4,146,0
138700,18,4,147,0
138750,18,3,146,0
138800,18,4,147,0
138850,18,5,147,0
138900,18,3,147,0
138950,19,3,146,0
139000,18,4,146,0
139050,18,3,147,0
139100,18,4,146,0
139150,18,4,147,0
139200,18,5,147,0
139250,18,3,147,0
139300,18,3,146,0
139350,18,3,146,0
139400,19,3,146,0
139450,19,3,146,0
139500,18,5,146,0
139550,18,5,147,0
139600,19,3,146,0
139650,18,4,146,0
139700,19,3,146,0
139750,19,4,146,0
139800,19,3,146,0
139850,18,5,147,0
139900,18,4,147,0
139950,18,4,146,0
140000,18,3,146,0
140050,18,3,146,0
140100,18,4,146,0
140150,18,5,147,0
140200,18,4,147,0
140250,18,3,146,0
140300,18,3,146,0
140350,18,4,146,0
140400,18,3,146,0
140450,18,4,146,0
140500,18,5,146,0
140550,18,3,146,0
140600,18,3,146,0
140650,18,3,146,0
140700,18,3,146,0
140750,18,4,146,0
140800,18,6,147,0
140850,18,4,147,0
140900,18,4,146,0
140950,18,3,146,0
141000,18,4,147,0
141050,18,3,147,0
141100,18,4,146,0
141150,18,5,147,0
141200,18,3,146,0
141250,18,3,146,0
141300,18,4,146,0
141350,18,3,147,0
141400,18,4,146,0
141450,18,6,147,0
141500,18,4,147,0
141550,18,3,146,0
141600,18,4,146,0
141650,18,3,146,0
141700,18,3,146,0
141750,18,4,147,0
141800,18,5,147,0
141850,18,3,147,0
141900,18,3,146,0
141950,18,3,146,0
142000,18,3,146,0
142050,18,3,146,0
142100,18,6,147,0
142150,18,4,147,0
142200,19,3,146,0
142250,18,4,146,0
142300,18,3,147,0
142350,18,3,146,0
142400,18,4,147,0
142450,18,5,147,0
142500,19,3,147,0
142550,19,3,147,0
142600,19,3,147,0
142650,18,3,146,0
142700,18,4,146,0
142750,18,6,147,0
142800,18,4,147,0
142850,18,4,146,0
142900,18,3,146,0
142950,18,3,146,0
143000,18,3,146,0
143050,18,4,147,0
143100,18,6,147,0
143150,18,4,146,0
143200,18,4,147,0
143250,18,4,146,0
143300,18,4,146,0
143350,18,3,147,0
143400,18,4,147,0
143450,18,3,146,0
143500,18,4,146,0
143550,18,3,147,0
143600,18,4,147,0
143650,18,3,146,0
143700,18,4,147,0
143750,18,4,147,0
143800,18,4,146,0
143850,18,3,146,0
143900,18,3,146,0
143950,17,5,147,0
144000,18,3,146,0
144050,18,2,146,0
144100,17,2,147,1
144150,18,3,146,1
144200,17,2,146,1
144250,17,2,146,1
144300,18,3,146,1
144350,17,4,147,1
144400,18,3,146,1
144450,18,3,146,1
144500,17,4,147,1
144550,18,3,146,1
144600,18,3,146,1
144650,17,2,146,1
144700,18,3,146,1
144750,17,3,146,1
144800,18,3,146,1
144850,19,3,146,1
144900,18,3,146,1
144950,17,4,146,1
145000,18,3,146,1
145050,18,3,146,1
145100,17,5,147,1
145150,17,3,146,1
145200,18,3,146,2
145250,18,2,146,2
145300,17,3,146,2
145350,18,3,146,2
145400,17,3,146,2
145450,17,3,146,2
145500,17,4,147,2
145550,18,3,146,2
145600,18,3,146,2
145650,17,3,147,2
145700,18,4,146,2
145750,18,4,146,2
145800,18,3,146,2
145850,18,2,146,2
145900,17,3,146,2
145950,18,3,146,2
146000,18,3,146,2
146050,18,3,146,2
146100,17,4,147,2
146150,18,3,147,2
146200,18,3,147,2
146250,18,3,147,2
146300,18,3,146,2
146350,17,4,147,2
146400,17,3,145,2
146450,18,3,147,2
146500,18,3,147,2
146550,17,5,147,2
146600,18,3,146,2
146650,18,3,146,2
146700,18,3,147,2
146750,17,3,146,2
146800,18,3,146,2
146850,18,2,146,2
146900,18,3,146,2
146950,17,5,147,2
147000,18,2,146,2
147050,18,3,146,2
147100,18,4,147,2
147150,18,3,146,2
147200,19,3,147,2
147250,17,3,147,2
147300,18,3,146,2
147350,17,3,146,2
147400,17,5,147,4
147450,18,3,146,4
147500,18,3,146,4
147550,18,2,146,4
147600,17,3,146,4
147650,17,3,147,4
147700,18,2,146,4
147750,17,3,146,4
147800,17,4,147,4
147850,18,4,146,4
147900,17,2,146,4
147950,18,2,146,4
148000,17,3,147,4
148050,18,3,146,4
148100,17,5,147,4
148150,17,3,146,4
148200,18,3,147,4
148250,17,5,147,4
148300,18,3,146,4
148350,17,3,147,4
148400,17,2,146,4
148450,18,3,147,4
148500,18,4,147,3
148550,17,3,147,3
148600,17,2,146,3
148650,17,3,147,3
148700,17,4,147,3
148750,18,3,146,3
148800,18,3,147,3
148850,17,3,147,3
148900,17,3,146,3
148950,17,4,147,3
149000,18,3,146,3
149050,18,4,147,3
149100,17,3,146,3
149150,17,4,147,3
149200,18,3,146,3
149250,18,3,146,3
149300,18,3,146,3
149350,17,3,146,3
149400,17,4,147,3
149450,18,2,146,3
149500,18,3,146,3
149550,18,4,147,3
149600,18,4,147,4
149650,18,3,146,4
149700,17,3,146,4
149750,18,3,146,4
149800,18,3,146,4
149850,17,4,147,4
149900,18,3,146,4
149950,18,2,146,4
150000,17,4,147,4
150050,18,3,146,4
150100,17,3,147,4
150150,18,5,147,4
150200,18,3,146,4
150250,18,3,147,4
150300,17,4,147,4
150350,17,3,146,4
150400,17,3,146,4
150450,18,2,146,4
150500,18,3,146,4
150550,17,3,146,4
150600,18,3,146,4
150650,19,3,147,4
150700,18,3,147,5
150750,18,2,147,5
150800,18,3,146,5
150850,18,3,146,5
150900,18,2,146,5
150950,18,3,146,5
151000,17,4,147,5
151050,18,3,147,5
151100,19,3,147,5
151150,18,3,146,5
151200,18,2,147,5
151250,18,3,146,5
151300,17,5,147,5
151350,18,3,146,5
151400,18,3,147,5
151450,17,4,147,5
151500,18,3,147,5
151550,18,3,146,5
151600,18,5,147,5
151650,18,3,146,5
151700,18,3,146,5
151750,17,4,147,5
151800,18,3,146,4
151850,18,3,146,4
151900,18,2,146,4
151950,18,3,147,4
152000,18,3,146,4
152050,18,5,148,4
152100,18,3,147,4
152150,18,3,146,4
152200,18,2,146,4
152250,18,3,146,4
152300,17,3,147,4
152350,18,3,146,4
152400,18,2,146,4
152450,18,5,147,4
152500,18,2,147,4
152550,18,2,146,4
152600,18,3,146,4
152650,18,2,146,4
152700,18,3,146,4
152750,17,4,147,4
152800,18,2,147,4
152850,18,3,146,4
152900,18,4,147,5
152950,17,3,146,5
153000,18,3,146,5
153050,17,4,147,5
153100,18,3,146,5
153150,18,3,146,5
153200,17,4,147,5
153250,18,3,147,5
153300,18,4,147,5
153350,18,4,147,5
153400,18,3,146,5
153450,18,3,147,5
153500,18,4,147,5
153550,18,3,147,5
153600,18,3,146,5
153650,18,3,146,5
153700,19,4,147,5
153750,18,3,147,5
153800,18,3,147,5
153850,18,3,146,5
153900,17,3,147,5
153950,18,3,146,5
154000,18,3,146,5
154050,17,4,146,5
154100,18,4,147,5
154150,18,3,146,5
154200,17,4,147,5
154250,18,3,146,5
154300,18,3,147,5
154350,17,5,147,5
154400,18,3,146,5
154450,19,4,147,5
154500,17,5,147,5
154550,18,3,146,5
154600,18,3,146,5
154650,17,4,147,5
154700,18,2,146,5
154750,18,3,146,5
154800,18,2,146,5
154850,18,3,146,5
154900,18,3,147,5
154950,17,4,147,5
155000,18,3,147,5
155050,18,3,147,5
155100,18,2,147,6
155150,18,3,146,6
155200,19,4,146,6
155250,17,4,147,6
155300,18,3,146,6
155350,18,3,146,6
155400,18,2,146,6
155450,18,2,146,6
155500,17,3,146,6
155550,19,4,147,6
155600,18,3,146,6
155650,18,3,146,6
155700,18,3,146,6
155750,18,3,146,6
155800,18,3,146,6
155850,18,3,146,6
155900,19,4,147,6
155950,17,3,147,6
156000,18,2,146,6
156050,18,3,147,6
156100,18,4,147,6
156150,18,3,146,6
156200,18,3,146,6
156250,17,4,147,6
156300,18,3,146,6
156350,18,3,147,6
156400,17,5,147,6
156450,18,3,146,6
156500,18,3,147,6
156550,18,5,147,6
156600,18,3,146,6
156650,18,2,146,6
156700,17,5,147,6
156750,18,3,146,6
156800,18,3,146,6
156850,18,2,147,6
156900,19,4,146,6
156950,18,3,146,6
157000,17,4,147,6
157050,18,3,147,6
157100,18,3,146,6
157150,18,2,146,6
157200,18,3,146,6
157250,18,3,146,6
157300,17,3,147,8
157350,18,3,146,8
157400,17,3,146,8
157450,18,3,146,8
157500,18,2,146,8
157550,18,2,146,8
157600,18,3,147,8
157650,18,3,146,8
157700,17,5,147,8
157750,18,3,146,8
157800,18,3,147,8
157850,17,3,146,8
157900,18,2,146,8
157950,18,3,146,8
158000,17,5,147,8
158050,18,3,146,8
158100,18,3,146,8
158150,18,4,147,8
158200,18,2,146,8
158250,18,3,146,8
158300,17,4,147,8
158350,18,3,146,8
158400,18,3,146,6
158450,17,5,147,6
158500,18,2,146,6
158550,18,3,146,6
158600,18,3,147,6
158650,18,3,146,6
158700,18,3,146,6
158750,17,4,147,6
158800,18,3,147,6
158850,18,3,146,6
158900,18,2,146,6
158950,18,3,147,6
159000,17,3,147,6
159050,18,3,147,6
159100,18,3,146,6
159150,17,4,147,6
159200,18,3,146,6
159250,18,3,146,6
159300,18,4,147,6
159350,18,2,147,6
159400,18,3,146,6
159450,17,5,147,6
159500,18,3,146,8
159550,18,3,147,8
159600,18,3,147,8
159650,18,2,146,8
159700,18,3,146,8
159750,17,4,147,8
159800,17,2,146,8
159850,18,3,146,8
159900,18,3,146,8
159950,18,3,146,8
160000,18,2,146,8
160050,17,4,147,8
160100,18,3,147,8
160150,18,4,146,8
160200,17,3,147,8
160250,18,3,146,8
160300,18,3,146,8
160350,17,4,147,8
160400,19,4,147,8
160450,18,3,147,8
160500,17,4,147,8
160550,18,3,146,8
160600,18,3,146,8
160650,17,4,147,8
160700,18,3,146,8
160750,18,2,146,8
160800,17,4,147,8
160850,18,2,146,8
160900,18,3,146,8
160950,18,5,147,8
161000,18,3,146,8
161050,18,3,147,8
161100,17,5,147,8
161150,18,3,146,8
161200,18,4,147,8
161250,17,5,147,8
161300,18,3,146,8
161350,18,3,146,8
161400,17,4,147,8
161450,18,2,146,8
161500,18,3,146,8
161550,17,4,147,8
161600,18,3,146,8
161650,18,3,146,8
161700,17,3,147,8
161750,18,3,146,8
161800,18,3,146,8
161850,18,3,147,8
161900,18,3,146,8
161950,18,3,146,8
162000,18,5,147,8
162050,17,3,146,8
162100,18,3,146,8
162150,17,3,147,8
162200,18,3,146,8
162250,17,3,146,8
162300,17,5,147,8
162350,18,3,146,8
162400,18,3,146,8
162450,18,2,147,8
162500,18,3,147,8
162550,18,3,146,8
162600,18,4,147,8
162650,18,3,147,8
162700,17,3,147,8
162750,18,3,147,8
162800,18,3,146,10
162850,18,3,146,10
162900,18,2,147,10
162950,18,3,146,10
163000,18,3,146,10
163050,18,2,146,10
163100,18,3,146,10
163150,18,3,146,10
163200,19,4,146,10
163250,18,3,146,10
163300,18,3,146,10
163350,18,2,146,10
163400,17,3,147,10
163450,18,3,147,10
163500,17,3,146,10
163550,18,3,146,10
163600,17,3,147,10
163650,18,3,146,10
163700,18,3,146,10
163750,18,3,146,10
163800,18,3,146,10
163850,18,3,147,10
163900,17,5,147,9
163950,18,3,146,9
164000,17,3,146,9
164050,17,3,147,9
164100,18,3,147,9
164150,18,3,147,9
164200,17,4,147,9
164250,18,3,146,9
164300,18,3,146,9
164350,17,5,147,9
164400,18,3,146,9
164450,17,3,147,9
164500,17,5,147,9
164550,18,3,146,9
164600,18,3,146,9
164650,17,3,146,9
164700,18,3,146,9
164750,18,3,147,9
164800,17,4,147,9
164850,18,3,146,9
164900,18,3,146,9
164950,17,4,147,9
165000,18,3,146,9
165050,18,4,147,9
165100,17,5,147,9
165150,18,3,146,9
165200,18,3,146,9
165250,17,4,147,9
165300,18,3,146,9
165350,18,3,146,9
165400,17,5,147,9
165450,18,3,146,9
165500,18,4,146,9
165550,17,4,147,9
165600,18,3,146,9
165650,17,2,146,9
165700,18,5,147,9
165750,18,3,146,9
165800,18,3,146,9
165850,16,4,147,9
165900,17,3,146,9
165950,18,3,146,9
166000,16,4,146,9
166050,18,3,146,9
166100,18,3,147,10
166150,18,5,147,10
166200,17,2,146,10
166250,18,2,146,10
166300,17,4,147,10
166350,18,4,146,10
166400,17,3,147,10
166450,17,4,147,10
166500,18,3,147,10
166550,17,3,147,10
166600,16,5,147,10
166650,18,3,146,10
166700,17,3,147,10
166750,17,3,147,10
166800,18,3,146,10
166850,18,3,146,10
166900,17,4,147,10
166950,18,3,146,10
167000,18,3,146,10
167050,17,4,147,10
167100,17,3,146,10
167150,18,3,146,10
167200,17,5,147,12
167250,17,3,146,12
167300,17,3,146,12
167350,17,3,147,12
167400,18,4,146,12
167450,18,3,146,12
167500,17,4,147,12
167550,17,3,146,12
167600,18,3,147,12
167650,17,4,147,12
167700,18,3,146,12
167750,18,3,146,12
167800,18,5,147,12
167850,18,3,146,12
167900,18,2,146,12
167950,17,2,147,12
168000,18,3,146,12
168050,17,3,146,12
168100,17,4,147,12
168150,18,3,146,12
168200,18,4,147,12
168250,17,3,147,12
168300,17,3,146,10
168350,17,3,146,10
168400,17,5,147,10
168450,18,3,146,10
168500,17,3,146,10
168550,18,2,147,10
168600,18,3,146,10
168650,18,3,146,10
168700,17,4,147,10
168750,18,3,146,10
168800,18,3,146,10
168850,17,3,147,10
168900,17,3,146,10
168950,17,3,146,10
169000,17,4,147,10
169050,18,3,146,10
169100,18,2,146,10
169150,18,2,147,10
169200,17,3,146,10
169250,17,3,146,10
169300,18,3,147,10
169350,17,2,146,10
169400,18,3,146,12
169450,17,2,146,12
169500,18,3,146,12
169550,18,3,147,12
169600,17,3,146,12
169650,17,3,146,12
169700,17,4,146,12
169750,18,3,146,12
169800,18,2,146,12
169850,18,3,146,12
169900,18,3,146,12
169950,18,3,147,12
170000,18,3,146,12
170050,17,2,146,12
170100,17,3,146,12
170150,17,3,146,12
170200,18,3,145,12
170250,17,3,146,12
170300,18,4,147,12
170350,17,2,146,12
170400,17,3,146,12
170450,18,3,147,12
170500,18,3,146,12
170550,18,3,146,12
170600,17,4,147,12
170650,18,3,146,12
170700,18,3,146,12
170750,17,3,146,12
170800,18,3,146,12
170850,18,3,146,12
170900,17,4,147,12
170950,18,3,146,12
171000,18,3,146,12
171050,17,3,146,12
171100,18,3,146,12
171150,17,3,146,12
171200,17,5,147,12
171250,18,2,146,12
171300,17,3,146,12
171350,17,5,147,12
171400,18,4,146,12
171450,18,3,146,12
171500,17,4,146,12
171550,18,3,146,12
171600,17,2,146,12
171650,17,5,147,12
171700,17,3,146,12
171750,18,4,147,12
171800,17,4,147,12
171850,18,3,146,12
171900,17,3,146,12
171950,17,5,147,12
172000,18,3,146,12
172050,17,3,147,12
172100,17,5,147,12
172150,17,3,146,12
172200,17,3,146,12
172250,17,4,147,12
172300,17,3,146,12
172350,18,3,146,12
172400,17,5,147,12
172450,18,3,146,12
172500,17,3,146,12
172550,17,4,147,12
172600,18,3,146,12
172650,18,3,146,12
172700,17,5,147,12
172750,18,3,146,12
172800,28,4,147,12
172850,22,4,147,12
172900,21,3,146,12
172950,21,3,146,12
173000,20,4,147,12
173050,21,3,146,12
173100,20,3,146,12
173150,20,3,147,12
173200,20,3,146,12
173250,21,3,147,12
173300,22,4,147,12
173350,21,3,146,12
173400,21,3,146,12
173450,21,3,146,12
173500,20,3,146,12
173550,21,3,146,12
173600,21,2,146,12
173650,21,4,147,12
173700,20,3,146,12
173750,20,3,146,12
173800,20,3,146,12
173850,20,3,146,12
173900,20,3,146,12
173950,20,3,146,12
174000,20,4,147,12
174050,20,3,145,12
174100,20,3,146,12
174150,20,5,147,12
174200,21,3,146,12
174250,20,3,146,12
174300,20,4,147,12
174350,21,3,146,12
174400,20,3,146,12
174450,20,4,147,12
174500,21,3,146,12
174550,21,3,146,12
174600,20,3,147,12
174650,20,3,146,12
174700,20,2,146,12
174750,20,4,147,12
174800,20,2,146,12
174850,20,3,146,12
174900,20,4,147,14
174950,20,3,146,14
175000,20,3,147,14
175050,19,4,147,14
175100,21,3,146,14
175150,21,3,146,14
175200,20,4,147,14
175250,20,3,146,14
175300,21,4,146,14
175350,20,4,147,14
175400,20,3,147,14
175450,20,3,146,14
175500,20,4,147,14
175550,20,3,146,14
175600,21,3,146,14
175650,20,5,147,14
175700,20,3,146,14
175750,21,3,146,14
175800,20,4,147,14
175850,20,3,146,14
175900,20,3,146,14
175950,20,6,147,14
176000,20,3,147,14
176050,20,3,146,14
176100,21,4,147,14
176150,20,3,146,14
176200,20,3,146,14
176250,20,5,147,14
176300,20,3,146,14
176350,20,3,146,14
176400,20,4,147,14
176450,20,3,146,14
176500,20,3,146,14
176550,20,4,147,14
176600,20,3,146,14
176650,20,3,147,14
176700,20,3,147,14
176750,20,2,146,14
176800,20,3,146,14
176850,20,4,147,14
176900,20,3,146,14
176950,20,3,146,14
177000,20,3,147,14
177050,20,3,147,14
177100,20,3,146,14
177150,20,4,147,14
177200,20,3,146,14
177250,20,3,146,14
177300,20,2,146,14
177350,20,3,146,14
177400,20,3,146,14
177450,20,4,147,14
177500,20,3,146,14
177550,20,3,146,14
177600,20,3,147,14
177650,20,3,146,14
177700,20,3,146,14
177750,20,2,146,14
177800,20,3,146,14
177850,20,3,146,14
177900,20,3,147,14
177950,20,3,146,14
178000,20,3,146,14
178050,20,3,146,14
178100,20,3,146,14
178150,20,3,146,14
178200,20,2,146,14
178250,20,3,146,14
178300,20,3,146,14
178350,20,3,146,14
178400,20,3,146,14
178450,20,3,146,14
178500,20,2,146,14
178550,20,3,146,14
178600,20,3,146,14
178650,20,3,146,14
178700,20,3,147,14
178750,20,3,146,14
178800,20,2,146,14
178850,20,2,146,14
178900,20,3,146,14
178950,20,3,146,14
179000,20,3,146,14
179050,20,3,146,14
179100,20,3,146,14
179150,20,3,146,14
179200,20,5,146,14
179250,20,3,146,14
179300,20,3,146,16
179350,20,4,146,16
179400,21,3,146,16
179450,20,3,146,16
179500,20,5,147,16
179550,21,4,146,16
179600,20,3,147,16
179650,20,4,146,16
179700,21,4,146,16
179750,20,3,146,16
179800,19,5,147,16
179850,20,3,146,16
179900,20,3,146,16
179950,20,4,146,16
180000,20,3,146,16
180050,20,3,146,16
180100,20,5,147,16
180150,20,3,145,16
180200,20,3,146,16
180250,20,4,146,16
180300,20,2,146,16
180350,20,2,146,16
180400,20,5,147,15
180450,20,3,146,15
180500,20,3,146,15
180550,20,4,147,15
180600,20,2,146,15
180650,20,2,146,15
180700,19,4,147,15
180750,20,3,146,15
180800,20,3,146,15
180850,20,3,147,15
180900,20,2,146,15
180950,20,3,146,15
181000,20,4,147,15
181050,20,3,145,15
181100,20,3,146,15
181150,20,3,146,15
181200,20,3,146,15
181250,21,3,146,15
181300,20,4,146,15
181350,20,3,146,15
181400,20,3,146,15
181450,20,3,146,15
181500,20,2,146,15
181550,20,3,146,15
181600,20,3,146,15
181650,20,3,146,15
181700,20,3,146,15
181750,20,3,146,15
181800,21,3,147,15
181850,20,3,146,15
181900,19,4,146,15
181950,21,3,147,15
182000,20,3,146,15
182050,20,3,146,15
182100,20,2,147,15
182150,20,3,146,15
182200,19,5,147,15
182250,20,2,146,15
182300,20,3,146,15
182350,21,4,147,15
182400,20,3,146,15
182450,20,3,146,15
182500,20,3,146,15
182550,20,3,146,15
182600,20,3,146,16
182650,20,3,146,16
182700,20,3,146,16
182750,20,3,146,16
182800,20,3,146,16
182850,20,2,146,16
182900,21,3,146,16
182950,20,3,146,16
183000,20,3,146,16
183050,20,3,146,16
183100,19,4,146,16
183150,20,3,145,16
183200,20,3,146,16
183250,20,3,146,16
183300,21,4,146,16
183350,20,3,146,16
183400,20,5,147,16
183450,20,3,146,16
183500,20,3,146,16
183550,20,5,147,16
183600,20,3,146,16
183650,20,3,146,16
183700,20,4,147,18
183750,20,3,146,18
183800,20,3,146,18
183850,20,4,146,18
183900,20,3,146,18
183950,21,3,146,18
184000,20,5,147,18
184050,20,3,146,18
184100,20,3,146,18
184150,20,4,147,18
184200,20,3,146,18
184250,20,3,146,18
184300,20,4,147,18
184350,21,4,146,18
184400,20,2,146,18
184450,20,4,147,18
184500,20,3,146,18
184550,20,3,146,18
184600,20,4,147,18
184650,20,3,146,18
184700,20,3,146,18
184750,20,4,147,18
184800,20,3,146,16
184850,20,3,147,16
184900,19,4,147,16
184950,20,3,146,16
185000,21,4,146,16
185050,20,2,147,16
185100,20,3,146,16
185150,20,3,146,16
185200,20,4,147,16
185250,21,3,147,16
185300,20,3,146,16
185350,20,2,146,16
185400,20,3,146,16
185450,20,3,146,16
185500,21,4,147,16
185550,20,3,146,16
185600,20,3,146,16
185650,20,2,146,16
185700,20,3,146,16
185750,20,3,146,16
185800,20,3,147,16
185850,20,3,146,16
185900,20,3,146,18
185950,20,2,146,18
186000,20,3,146,18
186050,20,3,146,18
186100,20,2,146,18
186150,20,3,146,18
186200,20,3,146,18
186250,20,3,146,18
186300,20,3,146,18
186350,20,3,146,18
186400,20,3,147,18
186450,20,3,146,18
186500,19,3,146,18
186550,20,2,146,18
186600,20,3,146,18
186650,20,3,146,18
186700,20,3,147,18
186750,20,3,146,18
186800,20,3,146,18
186850,20,2,146,18
186900,20,3,146,18
186950,20,3,147,18
187000,20,2,146,16
187050,20,2,147,16
187100,20,3,146,16
187150,20,2,146,16
187200,20,3,146,16
187250,20,3,147,16
187300,20,2,147,16
187350,20,3,146,16
187400,20,3,146,16
187450,20,2,146,16
187500,20,3,146,16
187550,20,3,146,16
187600,20,2,146,16
187650,20,3,146,16
187700,20,3,146,16
187750,21,3,146,16
187800,20,3,146,16
187850,20,3,146,16
187900,20,3,147,16
187950,20,3,146,16
188000,21,4,147,16
188050,20,2,146,16
188100,20,3,147,18
188150,20,3,146,18
188200,20,2,146,18
188250,21,4,146,18
188300,20,4,146,18
188350,20,3,146,18
188400,20,3,146,18
188450,20,3,146,18
188500,21,3,146,18
188550,20,3,146,18
188600,19,5,147,18
188650,20,3,146,18
188700,20,3,146,18
188750,20,4,147,18
188800,20,3,146,18
188850,20,3,146,18
188900,19,5,147,18
188950,20,3,146,18
189000,21,3,147,18
189050,19,3,147,18
189100,20,3,146,18
189150,20,3,146,18
189200,19,5,147,18
189250,20,3,146,18
189300,20,3,146,18
189350,19,5,147,18
189400,20,3,146,18
189450,20,3,146,18
189500,19,5,147,18
189550,20,3,146,18
189600,20,3,146,18
189650,20,3,146,18
189700,20,3,147,18
189750,20,3,146,18
189800,20,4,147,18
189850,20,3,146,18
189900,20,3,146,18
189950,19,5,147,18
190000,20,3,147,18
190050,20,2,146,18
190100,20,5,148,18
190150,20,3,146,18
190200,20,3,146,18
190250,19,5,147,18
190300,20,3,146,18
190350,21,4,146,18
190400,19,4,147,18
190450,20,3,146,18
190500,20,3,146,18
190550,20,3,147,18
190600,21,3,147,18
190650,20,3,146,18
190700,20,4,147,18
190750,20,3,146,18
190800,20,3,146,18
190850,20,3,147,18
190900,20,3,146,18
190950,20,3,146,18
191000,20,3,147,18
191050,20,3,146,18
191100,21,4,147,18
191150,20,3,146,18
191200,20,3,146,18
191250,19,3,146,18
191300,20,2,146,18
191350,20,3,146,18
191400,20,3,146,18
191450,20,3,146,18
191500,20,3,146,18
191550,20,3,146,18
191600,20,2,146,18
191650,20,3,146,18
191700,20,3,146,18
191750,20,3,146,18
191800,20,3,147,18
191850,20,3,146,18
191900,20,3,146,18
191950,20,3,146,18
192000,19,5,147,18
192050,20,3,146,18
192100,20,3,146,18
192150,19,4,147,18
192200,21,3,146,18
192250,20,3,146,18
192300,20,4,147,18
192350,20,3,146,18
192400,20,3,147,18
192450,20,6,147,18
192500,20,3,146,18
192550,20,3,146,18
192600,19,5,147,18
192650,20,3,146,18
192700,20,4,147,18
192750,19,5,147,18
192800,20,3,146,18
192850,20,3,146,18
192900,19,4,147,18
192950,21,4,146,18
193000,20,3,146,18
193050,19,5,147,18
193100,20,3,146,18
193150,20,2,146,18
193200,20,5,147,18
193250,20,3,146,18
193300,20,3,146,18
193350,19,5,147,18
193400,20,2,146,18
193450,21,3,147,18
193500,19,4,147,18
193550,20,3,146,18
193600,20,3,146,18
193650,20,4,147,18
193700,21,4,146,18
193750,20,3,146,18
193800,20,3,148,18
193850,20,3,146,18
193900,20,3,146,18
193950,20,5,147,18
194000,20,3,146,18
194050,20,3,147,18
194100,19,4,147,18
194150,20,3,147,18
194200,21,4,146,18
194250,19,5,147,18
194300,20,3,146,18
194350,20,3,146,18
194400,20,4,147,18
194450,20,3,147,18
194500,20,3,147,18
194550,19,4,147,18
194600,20,3,146,18
194650,20,3,146,18
194700,20,4,147,16
194750,20,3,146,16
194800,20,3,146,16
194850,19,5,147,16
194900,20,3,146,16
194950,20,3,146,16
195000,20,4,147,16
195050,20,3,146,16
195100,21,3,147,16
195150,20,5,147,16
195200,20,3,146,16
195250,20,3,146,16
195300,19,5,147,16
195350,21,4,146,16
195400,20,3,146,16
195450,19,3,146,16
195500,20,3,145,16
195550,20,3,147,16
195600,19,5,147,16
195650,20,3,146,16
195700,20,3,146,16
195750,21,4,147,16
195800,20,3,145,18
195850,20,3,146,18
195900,20,3,146,18
195950,20,3,146,18
196000,20,3,146,18
196050,20,3,146,18
196100,20,3,146,18
196150,20,3,146,18
196200,19,3,146,18
196250,20,3,146,18
196300,20,3,146,18
196350,20,3,147,18
196400,21,4,146,18
196450,20,3,146,18
196500,19,4,147,18
196550,20,2,146,18
196600,20,3,146,18
196650,20,3,146,18
196700,20,2,146,18
196750,20,3,146,18
196800,20,3,147,18
196850,20,2,146,18
196900,20,3,146,16
196950,20,3,146,16
197000,20,3,146,16
197050,20,3,146,16
197100,20,3,146,16
197150,20,2,146,16
197200,20,3,146,16
197250,20,4,147,16
197300,20,3,146,16
197350,21,4,147,16
197400,19,3,146,16
197450,20,3,146,16
197500,20,3,146,16
197550,20,5,147,16
197600,20,3,146,16
197650,20,3,146,16
197700,19,3,146,16
197750,21,3,146,16
197800,20,3,146,16
197850,19,5,147,16
197900,21,3,146,16
197950,20,3,146,16
198000,20,3,147,16
198050,20,3,147,16
198100,20,3,146,16
198150,19,5,146,16
198200,20,3,146,16
198250,20,3,146,16
198300,20,4,146,16
198350,20,2,146,16
198400,20,3,146,16
198450,20,5,147,16
198500,20,3,146,16
198550,20,3,147,16
198600,20,3,146,16
198650,20,2,146,16
198700,20,3,146,16
198750,19,3,146,16
198800,20,3,146,16
198850,20,3,146,16
198900,20,3,147,16
198950,20,3,146,16
199000,21,4,146,16
199050,19,4,147,16
199100,20,3,146,16
199150,21,3,147,16
199200,20,3,146,16
199250,20,2,146,16
199300,20,3,146,16
199350,19,3,146,16
199400,20,3,146,16
199450,20,3,146,16
199500,20,3,146,16
199550,20,2,146,16
199600,20,3,146,16
199650,19,4,147,16
199700,20,3,146,16
199750,20,3,146,16
199800,20,3,146,16
199850,20,3,147,16
199900,20,3,146,16
199950,19,4,147,16
200000,21,4,146,16
200050,20,2,146,16
200100,20,3,146,16
200150,21,4,146,16
200200,20,3,146,16
200250,19,3,146,16
200300,20,2,146,16
200350,20,3,146,16
200400,20,2,146,16
200450,20,3,146,16
200500,20,3,146,16
200550,20,3,146,16
200600,20,3,147,16
200650,20,3,146,16
200700,20,3,146,16
200750,20,2,146,16
200800,20,3,146,16
200850,20,3,146,16
200900,20,2,146,16
200950,20,3,146,16
201000,20,3,146,16
201050,20,3,146,16
201100,20,3,146,16
201150,19,3,146,16
201200,20,2,146,16
201250,20,3,146,16
201300,20,2,146,14
201350,20,3,146,14
201400,20,3,146,14
201450,19,4,146,14
201500,20,2,146,14
201550,20,3,146,14
201600,19,5,146,14
201650,20,3,146,14
201700,20,3,146,14
201750,19,4,146,14
201800,20,2,147,14
201850,20,3,146,14
201900,19,4,146,14
201950,20,2,146,14
202000,20,3,146,14
202050,20,3,146,14
202100,20,3,147,14
202150,20,3,146,14
202200,19,4,146,14
202250,20,2,146,14
202300,20,3,146,14
202350,20,3,146,14
202400,20,3,147,16
202450,20,3,146,16
202500,19,3,146,16
202550,20,2,146,16
202600,20,2,146,16
202650,20,3,146,16
202700,20,4,147,16
202750,20,3,146,16
202800,20,3,146,16
202850,20,2,146,16
202900,20,3,146,16
202950,20,3,146,16
203000,20,3,147,16
203050,20,3,146,16
203100,20,3,146,16
203150,20,3,147,16
203200,20,3,146,16
203250,20,3,146,16
203300,20,4,147,16
203350,20,3,146,16
203400,20,3,146,16
203450,20,3,147,16
203500,20,3,146,14
203550,20,2,146,14
203600,20,4,147,14
203650,20,3,146,14
203700,20,3,146,14
203750,20,2,146,14
203800,20,3,146,14
203850,20,3,146,14
203900,20,3,147,14
203950,20,3,146,14
204000,20,3,146,14
204050,20,2,146,14
204100,20,3,146,14
204150,20,3,146,14
204200,20,2,147,14
204250,20,3,146,14
204300,20,3,146,14
204350,20,3,147,14
204400,21,3,146,14
204450,20,3,146,14
204500,19,4,147,14
204550,21,4,146,14
204600,20,3,146,14
204650,20,3,147,14
204700,20,3,146,14
204750,20,3,146,14
204800,20,2,146,14
204850,20,3,146,14
204900,20,3,146,14
204950,20,3,147,14
205000,20,3,146,14
205050,20,4,147,14
205100,20,2,146,14
205150,20,3,146,14
205200,21,4,146,14
205250,20,2,147,14
205300,20,3,146,14
205350,20,3,146,14
205400,20,2,146,14
205450,19,3,146,14
205500,19,3,146,14
205550,20,2,147,14
205600,20,2,146,14
205650,20,3,146,14
205700,21,4,146,13
205750,20,3,146,13
205800,20,3,146,13
205850,20,2,146,13
205900,20,2,146,13
205950,20,3,146,13
206000,19,3,145,13
206050,20,3,146,13
206100,19,3,146,13
206150,20,2,146,13
206200,21,4,147,13
206250,20,3,146,13
206300,20,3,146,13
206350,20,3,146,13
206400,20,2,146,13
206450,20,2,146,13
206500,19,3,146,13
206550,20,4,147,13
206600,20,3,146,13
206650,19,3,146,13
206700,19,4,147,13
206750,20,2,146,13
206800,20,3,146,13
206850,19,5,147,13
206900,20,2,146,13
206950,20,3,146,13
207000,19,3,146,13
207050,20,3,146,13
207100,20,3,146,13
207150,19,4,146,13
207200,20,2,145,13
207250,20,3,146,13
207300,19,3,146,13
207350,20,3,146,13
207400,21,4,147,13
207450,20,4,146,13
207500,20,3,146,13
207550,20,3,146,13
207600,20,3,146,13
207650,20,3,146,13
207700,20,3,146,13
207750,19,4,147,13
207800,20,3,146,13
207850,20,3,146,13
207900,20,5,147,13
207950,20,2,146,13
208000,20,3,146,13
208050,19,4,147,13
208100,20,3,146,13
208150,19,3,146,13
208200,19,3,146,13
208250,21,3,147,13
208300,20,3,146,13
208350,19,3,146,13
208400,20,2,145,13
208450,20,3,146,13
208500,20,2,146,13
208550,20,2,146,13
208600,21,3,146,13
208650,19,3,146,13
208700,20,2,146,13
208750,20,2,146,13
208800,20,2,146,13
208850,20,4,146,13
208900,20,2,146,13
208950,19,4,146,13
209000,20,2,146,13
209050,20,3,146,13
209100,20,3,146,13
209150,20,3,146,13
209200,20,3,146,13
209250,19,3,146,13
209300,20,3,146,13
209350,21,3,146,13
209400,20,3,146,13
209450,20,3,147,13
209500,20,3,146,13
209550,20,2,146,13
209600,20,2,146,13
209650,20,3,146,13
209700,20,3,146,13
209750,20,3,146,13
209800,20,3,146,13
209850,19,3,146,13
209900,20,4,146,13
209950,20,3,146,13
210000,20,3,146,13
210050,20,3,146,13
210100,20,3,146,11
210150,19,3,146,11
210200,20,3,146,11
210250,20,3,146,11
210300,19,3,146,11
210350,20,3,146,11
210400,20,3,146,11
210450,19,4,146,11
210500,20,2,146,11
210550,20,3,146,11
210600,19,3,146,11
210650,20,3,146,11
210700,19,2,146,11
210750,19,3,146,11
210800,19,2,146,11
210850,20,3,146,11
210900,20,3,146,11
210950,20,3,146,11
211000,20,3,146,11
211050,19,3,146,11
211100,20,2,146,11
211150,20,3,146,11
211200,19,4,146,11
211250,20,3,146,11
211300,20,3,146,11
211350,20,3,146,11
211400,20,2,146,11
211450,21,3,146,11
211500,19,3,146,11
211550,20,3,146,11
211600,20,3,146,11
211650,20,5,146,11
211700,20,2,146,11
211750,20,3,146,11
211800,20,4,146,11
211850,20,3,146,11
211900,20,3,146,11
211950,20,3,146,11
212000,20,2,146,11
212050,20,3,146,11
212100,20,3,146,11
212150,20,3,146,11
212200,20,3,146,11
212250,19,3,146,11
212300,20,2,147,12
212350,19,3,146,12
212400,19,5,146,12
212450,20,3,146,12
212500,20,2,146,12
212550,20,3,146,12
212600,20,2,146,12
212650,20,3,146,12
212700,19,3,146,12
212750,19,3,146,12
212800,20,3,146,12
212850,19,4,146,12
212900,21,3,147,12
212950,20,3,146,12
213000,19,4,147,12
213050,20,3,146,12
213100,20,3,146,12
213150,20,3,147,12
213200,20,2,146,12
213250,20,3,146,12
213300,19,3,146,12
213350,20,3,147,12
213400,20,3,146,10
213450,20,3,146,10
213500,20,3,147,10
213550,20,3,146,10
213600,20,3,146,10
213650,20,2,147,10
213700,20,3,146,10
213750,20,4,146,10
213800,19,4,147,10
213850,20,3,146,10
213900,20,3,146,10
213950,20,2,147,10
214000,20,3,146,10
214050,20,3,146,10
214100,19,4,147,10
214150,20,3,146,10
214200,20,4,146,10
214250,19,4,147,10
214300,20,3,146,10
214350,19,3,146,10
214400,21,4,146,10
214450,20,3,146,10
214500,20,3,146,10
214550,20,4,147,10
214600,20,3,146,10
214650,20,3,146,10
214700,19,4,147,10
214750,20,3,146,10
214800,20,3,146,10
214850,20,5,147,10
214900,20,3,146,10
214950,20,3,146,10
215000,20,4,147,10
215050,20,3,146,10
215100,20,3,146,10
215150,19,5,147,10
215200,20,3,146,10
215250,20,3,146,10
215300,20,5,147,10
215350,20,3,146,10
215400,20,3,146,10
215450,19,5,146,10
215500,20,3,146,10
215550,21,4,146,10
215600,20,5,146,10
215650,20,3,146,10
215700,20,3,146,10
215750,19,5,147,10
215800,20,2,146,10
215850,20,3,146,10
215900,19,5,146,10
215950,20,3,145,10
216000,20,4,146,10
216050,20,3,146,10
216100,20,2,146,10
216150,20,3,146,10
216200,19,5,147,10
216250,21,4,146,10
216300,19,2,146,10
216350,19,3,146,10
216400,20,2,146,10
216450,20,3,146,10
216500,20,3,146,10
216550,20,3,146,10
216600,19,3,146,10
216650,19,3,146,10
216700,20,2,146,8
216750,20,3,146,8
216800,19,3,146,8
216850,20,3,146,8
216900,20,3,146,8
216950,19,3,146,8
217000,20,2,147,8
217050,20,3,146,8
217100,19,3,147,8
217150,20,2,146,8
217200,20,3,146,8
217250,20,2,146,8
217300,20,3,147,8
217350,20,3,146,8
217400,19,3,146,8
217450,20,3,146,8
217500,20,3,146,8
217550,20,3,146,8
217600,20,3,145,8
217650,20,3,146,8
217700,19,5,146,8
217750,20,2,146,8
217800,20,3,146,10
217850,20,3,146,10
217900,20,3,146,10
217950,20,3,146,10
218000,20,3,146,10
218050,20,2,146,10
218100,20,3,146,10
218150,20,3,146,10
218200,20,2,146,10
218250,20,2,146,10
218300,19,3,146,10
218350,20,2,146,10
218400,20,3,146,10
218450,19,3,146,10
218500,20,4,147,10
218550,20,3,146,10
218600,20,3,146,10
218650,20,2,147,10
218700,20,2,146,10
218750,21,4,146,10
218800,20,2,147,10
218850,19,3,146,10
218900,20,3,146,8
218950,20,2,146,8
219000,21,4,146,8
219050,20,3,146,8
219100,20,2,146,8
219150,20,3,146,8
219200,20,3,146,8
219250,20,2,146,8
219300,20,3,146,8
219350,20,3,146,8
219400,20,2,146,8
219450,20,3,146,8
219500,20,3,146,8
219550,21,4,147,8
219600,20,3,146,8
219650,20,3,146,8
219700,20,2,146,8
219750,20,3,146,8
219800,20,3,146,8
219850,20,5,147,8
219900,20,3,145,8
219950,20,3,146,8
220000,20,4,147,8
220050,20,3,146,8
220100,20,3,146,8
220150,19,4,146,8
220200,20,3,146,8
220250,20,3,146,8
220300,19,4,147,8
220350,20,3,146,8
220400,21,4,146,8
220450,19,4,146,8
220500,20,3,145,8
220550,20,3,146,8
220600,19,4,147,8
220650,20,3,146,8
220700,21,3,146,8
220750,20,4,146,8
220800,20,3,146,8
220850,20,3,146,8
220900,19,4,147,8
220950,20,3,146,8
221000,21,4,146,8
221050,19,3,146,8
221100,20,3,146,8
221150,20,3,146,8
221200,19,5,146,8
221250,20,3,146,8
221300,21,4,146,8
221350,20,3,146,8
221400,20,3,145,8
221450,20,3,146,8
221500,19,4,146,8
221550,20,3,146,8
221600,21,3,146,8
221650,20,3,146,8
221700,20,3,146,8
221750,20,3,146,8
221800,19,4,146,8
221850,20,3,146,8
221900,20,3,146,8
221950,20,3,146,8
222000,20,3,146,8
222050,20,3,146,8
222100,19,4,146,8
222150,20,3,145,8
222200,20,4,146,7
222250,20,3,146,7
222300,20,3,145,7
222350,20,3,146,7
222400,19,5,146,7
222450,20,3,146,7
222500,20,3,146,7
222550,19,3,146,7
222600,20,3,146,7
222650,19,3,146,7
222700,19,3,146,7
222750,20,3,146,7
222800,20,2,146,7
222850,20,5,147,7
222900,20,2,146,7
222950,20,3,146,7
223000,19,3,146,7
223050,20,2,146,7
223100,20,3,146,7
223150,19,4,147,7
223200,19,2,146,7
223250,20,3,146,7
223300,20,3,146,7
223350,20,2,146,7
223400,20,3,146,7
223450,19,5,147,7
223500,20,3,145,7
223550,20,3,146,7
223600,20,3,146,7
223650,20,2,146,7
223700,20,3,146,7
223750,19,5,146,7
223800,20,3,146,7
223850,21,3,146,7
223900,20,3,146,7
223950,20,3,146,7
224000,20,3,146,7
224050,19,3,146,7
224100,20,3,146,7
224150,20,3,146,7
224200,20,4,146,7
224250,20,4,147,7
224300,20,2,146,7
224350,19,3,146,7
224400,19,3,145,6
224450,20,3,146,6
224500,19,4,146,6
224550,20,3,146,6
224600,20,3,146,6
224650,19,3,146,6
224700,20,3,146,6
224750,20,3,146,6
224800,19,3,146,6
224850,19,2,146,6
224900,20,3,146,6
224950,20,3,146,6
225000,20,2,146,6
225050,20,3,146,6
225100,20,3,146,6
225150,19,2,146,6
225200,20,3,146,6
225250,19,5,146,6
225300,21,3,146,6
225350,20,3,146,6
225400,20,3,146,6
225450,20,3,147,6
225500,20,3,146,6
225550,20,3,146,6
225600,20,3,146,6
225650,20,4,146,6
225700,20,3,146,6
225750,20,2,146,6
225800,20,3,146,6
225850,20,3,146,6
225900,20,2,146,6
225950,20,3,146,6
226000,19,3,146,6
226050,20,3,145,6
226100,20,3,146,6
226150,20,3,146,6
226200,20,3,147,6
226250,20,3,146,6
226300,20,3,146,6
226350,20,3,146,6
226400,20,2,146,6
226450,20,4,146,6
226500,19,4,147,6
226550,20,3,146,6
226600,20,3,146,6
226650,20,2,146,6
226700,20,3,146,6
226750,20,3,146,6
226800,20,3,146,6
226850,20,3,146,6
226900,21,4,146,6
226950,19,4,147,6
227000,20,3,146,6
227050,20,3,146,6
227100,19,4,147,6
227150,20,3,146,6
227200,19,3,146,6
227250,20,2,146,6
227300,20,4,146,6
227350,20,3,146,6
227400,20,4,147,6
227450,20,3,146,6
227500,20,3,146,6
227550,20,2,146,6
227600,20,3,146,6
227650,20,3,146,6
227700,20,2,146,4
227750,21,3,146,4
227800,20,3,146,4
227850,19,4,147,4
227900,20,3,146,4
227950,20,3,146,4
228000,19,4,147,4
228050,20,3,146,4
228100,20,3,146,4
228150,20,2,146,4
228200,21,3,146,4
228250,20,3,146,4
228300,20,3,146,4
228350,20,3,146,4
228400,20,3,146,4
228450,20,4,147,4
228500,20,2,146,4
228550,20,3,146,4
228600,19,4,147,4
228650,20,4,146,4
228700,20,3,146,4
228750,19,5,147,4
228800,20,2,146,6
228850,20,3,146,6
228900,20,4,146,6
228950,20,2,146,6
229000,20,3,146,6
229050,19,4,147,6
229100,20,3,146,6
229150,21,3,146,6
229200,20,3,146,6
229250,20,3,146,6
229300,19,3,146,6
229350,19,4,146,6
229400,20,3,145,6
229450,20,3,146,6
229500,19,5,147,6
229550,20,3,146,6
229600,20,3,146,6
229650,20,5,147,6
229700,20,2,146,6
229750,20,3,146,6
229800,20,3,146,6
229850,19,3,146,6
229900,19,3,146,4
229950,19,5,146,4
230000,20,3,146,4
230050,20,3,146,4
230100,19,5,146,4
230150,20,3,146,4
230200,20,4,146,4
230250,20,3,146,4
230300,20,2,147,4
230350,20,3,146,4
230400,19,5,146,4
230450,20,3,145,4
230500,20,3,146,4
230550,19,5,146,4
230600,20,2,145,4
230650,20,3,146,4
230700,19,4,147,4
230750,21,4,146,4
230800,20,3,146,4
230850,20,3,146,4
230900,20,3,147,4
230950,20,3,146,4
231000,19,3,146,4
231050,19,3,145,4
231100,20,3,146,4
231150,19,3,146,4
231200,20,3,146,4
231250,20,3,146,4
231300,19,4,147,4
231350,21,3,146,4
231400,20,3,146,4
231450,20,3,146,4
231500,20,3,147,4
231550,20,3,146,4
231600,19,3,146,4
231650,20,3,145,4
231700,20,3,146,4
231750,19,5,146,4
231800,20,3,146,4
231850,20,3,146,4
231900,20,4,147,4
231950,21,3,146,4
232000,21,4,146,4
232050,20,3,146,4
232100,19,4,147,4
232150,20,3,146,4
232200,20,3,146,4
232250,20,2,146,4
232300,20,3,146,4
232350,20,3,146,4
232400,20,2,146,4
232450,20,3,146,4
232500,19,5,147,4
232550,20,2,146,4
232600,21,4,146,4
232650,21,3,146,4
232700,19,4,147,4
232750,20,3,146,4
232800,20,3,146,4
232850,20,3,147,4
232900,20,3,146,4
232950,20,3,146,4
233000,20,2,147,4
233050,20,3,146,4
233100,19,4,147,4
233150,20,3,146,4
233200,20,3,146,2
233250,19,4,146,2
233300,19,2,146,2
233350,20,4,146,2
233400,21,4,146,2
233450,19,5,146,2
233500,20,3,145,2
233550,20,2,146,2
233600,20,4,147,2
233650,20,3,146,2
233700,20,3,146,2
233750,20,3,147,2
233800,20,3,146,2
233850,20,3,146,2
233900,20,3,146,2
233950,20,3,146,2
234000,19,3,146,2
234050,20,2,146,2
234100,20,3,146,2
234150,20,4,146,2
234200,20,5,147,2
234250,20,3,145,2
234300,20,3,146,4
234350,19,4,146,4
234400,20,3,146,4
234450,20,3,146,4
234500,19,4,147,4
234550,20,2,146,4
234600,20,3,146,4
234650,19,5,146,4
234700,19,3,146,4
234750,20,3,146,4
234800,20,3,147,4
234850,19,3,146,4
234900,20,3,146,4
234950,20,2,146,4
235000,20,3,146,4
235050,20,3,146,4
235100,20,5,147,4
235150,20,2,146,4
235200,19,3,146,4
235250,20,3,146,4
235300,19,2,147,4
235350,20,3,146,4
235400,19,4,146,2
235450,20,3,145,2
235500,20,2,146,2
235550,19,4,146,2
235600,20,3,145,2
235650,20,3,146,2
235700,19,4,147,2
235750,20,3,146,2
235800,20,3,146,2
235850,19,4,147,2
235900,20,3,146,2
235950,20,3,146,2
236000,20,3,147,2
236050,20,3,146,2
236100,20,3,146,2
236150,20,4,146,2
236200,20,6,147,2
236250,20,3,146,2
236300,20,3,146,2
236350,19,5,147,2
236400,20,3,146,2
236450,20,3,146,2
236500,19,5,147,2
236550,20,2,146,2
236600,20,3,146,2
236650,20,3,147,2
236700,20,3,146,2
236750,20,3,146,2
236800,19,3,146,2
236850,19,3,146,2
236900,19,3,146,2
236950,19,3,146,2
237000,20,3,146,2
237050,19,4,146,2
237100,20,2,146,2
237150,20,3,146,2
237200,19,4,147,2
237250,20,3,146,2
237300,20,3,146,2
237350,19,5,146,2
237400,20,3,146,2
237450,21,4,146,2
237500,20,3,146,2
237550,20,5,147,2
237600,20,5,147,1
237650,20,3,146,1
237700,20,3,146,1
237750,20,4,147,1
237800,20,3,146,1
237850,20,3,146,1
237900,20,4,147,1
237950,20,3,146,1
238000,20,3,146,1
238050,20,2,146,1
238100,20,3,146,1
238150,20,3,146,1
238200,20,2,146,1
238250,20,3,146,1
238300,19,5,146,1
238350,20,3,146,1
238400,20,3,146,1
238450,19,5,147,1
238500,20,3,146,1
238550,20,3,146,1
238600,20,4,147,1
238650,20,3,146,1
238700,20,3,146,1
238750,19,5,147,1
238800,20,3,146,1
238850,20,3,146,1
238900,19,3,147,1
238950,20,3,146,1
239000,20,3,146,1
239050,20,3,147,1
239100,19,3,146,1
239150,19,3,146,1
239200,20,2,146,1
239250,20,3,146,1
239300,19,3,146,1
239350,20,3,146,1
239400,20,3,146,1
239450,20,5,147,1
239500,20,3,146,1
239550,20,3,146,1
239600,19,5,147,1
239650,20,3,146,1
239700,20,3,146,1
239750,20,3,147,1
239800,20,3,146,0
239850,20,3,146,0
239900,20,2,146,0
239950,20,3,146,0
240000,19,3,146,0
240050,20,3,146,0
240100,20,3,146,0
240150,19,4,146,0
240200,20,3,146,0
240250,20,3,146,0
240300,19,4,147,0
240350,20,3,146,0
240400,20,3,146,0
240450,19,4,147,0
240500,20,3,146,0
240550,20,3,146,0
240600,20,2,146,0
240650,20,3,146,0
240700,20,3,146,0
240750,20,2,146,0
240800,20,3,146,0
240850,20,3,146,0
240900,20,3,146,0
240950,20,3,146,0
241000,19,4,146,0
241050,20,3,146,0
241100,20,3,146,0
241150,19,5,146,0
241200,20,3,146,0
241250,20,3,146,0
241300,19,4,147,0
241350,20,3,146,0
241400,20,3,146,0
241450,19,4,147,0
241500,20,3,146,0
241550,20,3,146,0
241600,19,2,147,0
241650,20,3,146,0
241700,20,3,146,0
241750,20,3,146,0
241800,20,3,146,0
241850,19,4,146,0
241900,20,3,146,0
241950,20,3,146,0
242000,20,5,146,0
242050,20,3,146,0
242100,20,3,146,0
242150,19,4,147,0
242200,20,3,146,0
242250,20,2,146,0
242300,19,4,147,0
242350,20,3,146,0
242400,20,3,146,0
242450,20,2,146,0
242500,20,3,146,0
242550,20,3,146,0
242600,19,2,146,0
242650,20,2,146,0
242700,19,3,146,0
242750,20,3,146,0
242800,20,3,146,0
242850,19,3,146,0
242900,20,2,146,0
242950,20,3,146,0
243000,19,4,146,0
243050,20,3,146,0
243100,20,3,146,0
243150,19,5,147,0
243200,20,3,146,0
243250,19,3,146,0
243300,20,4,147,0
243350,20,3,146,0
243400,19,3,146,0
243450,20,3,147,0
243500,20,3,146,0
243550,19,3,146,0
243600,19,2,146,0
243650,20,3,146,0
243700,20,3,146,0
243750,19,2,146,0
243800,20,3,146,0
243850,19,5,146,0
243900,20,3,146,0
243950,20,3,146,0
244000,19,5,146,0
244050,20,2,146,0
244100,20,3,146,0
244150,19,5,146,0
244200,20,3,146,0
244250,20,3,146,0
244300,19,5,146,0
244350,20,3,146,0
244400,20,3,146,0
244450,20,4,147,0
244500,20,3,146,0
244550,20,3,146,0
244600,20,4,147,0
244650,20,3,146,0
244700,20,3,146,0
244750,20,2,146,0
244800,20,3,146,0
244850,19,3,146,0
244900,20,2,146,0
244950,20,3,146,0
245000,19,5,146,0
245050,20,3,146,0
245100,19,3,146,0
245150,19,5,146,0
245200,20,3,146,0
245250,20,3,146,0
245300,19,4,147,0
245350,20,3,146,0
245400,20,3,146,0
245450,20,4,146,0
245500,20,3,146,0
245550,20,3,146,0
245600,20,4,147,0
245650,20,3,146,0
245700,20,3,146,0
245750,20,3,147,0
245800,20,3,146,0
245850,19,3,146,0
245900,20,2,146,0
245950,20,3,146,0
246000,19,3,146,0
246050,20,2,146,0
246100,20,3,146,0
246150,19,5,146,0
246200,20,3,146,0
246250,20,3,146,0
246300,19,5,147,0
246350,20,3,146,0
246400,20,3,146,0
246450,20,3,146,0
246500,20,3,146,0
246550,20,3,146,0
246600,20,3,147,0
246650,20,3,146,0
246700,20,4,146,0
246750,20,2,146,0
246800,20,3,146,0
246850,20,3,146,0
246900,20,2,146,0
246950,20,3,146,0
247000,19,5,147,0
247050,20,3,146,0
247100,20,3,146,0
247150,19,4,146,0
247200,20,3,146,0
247250,20,3,146,0
247300,20,4,147,0
247350,20,3,146,0
247400,20,3,146,0
247450,20,4,147,0
247500,20,3,146,0
247550,20,3,146,0
247600,20,2,146,0
247650,20,3,146,0
247700,20,3,146,0
247750,20,2,146,0
247800,20,3,146,0
247850,19,3,146,0
247900,20,3,146,0
247950,20,3,146,0
248000,19,5,146,0
248050,20,3,145,0
248100,20,3,146,0
248150,19,4,147,0
248200,20,3,146,0
248250,20,3,146,0
248300,19,4,147,0
248350,20,3,146,0
248400,20,3,146,0
248450,19,3,147,0
248500,19,3,146,0
248550,20,3,146,0
248600,20,4,147,0
248650,20,2,146,0
248700,19,3,146,0
248750,20,2,146,0
248800,20,3,146,0
248850,20,3,146,0
248900,20,2,146,0
248950,20,3,146,0
249000,20,3,146,0
249050,20,3,145,0
249100,20,3,146,0
249150,19,5,146,0
249200,20,3,145,0
249250,20,3,146,0
249300,19,3,146,0
249350,20,3,146,0
249400,20,3,146,0
249450,19,5,147,0
249500,20,3,146,0
249550,20,3,146,0
249600,20,3,147,0
249650,20,3,146,0
249700,20,3,146,0
249750,20,4,147,0
249800,20,3,146,0
249850,20,3,146,0
249900,20,2,145,0
249950,20,3,146,0
250000,20,3,146,0
250050,20,2,146,0
250100,20,3,146,0
250150,20,3,146,0
250200,20,3,146,0
250250,20,3,146,0
250300,19,5,147,0
250350,20,3,146,0
250400,20,3,146,0
250450,19,5,146,0
250500,20,3,146,0
250550,19,3,146,0
250600,20,4,147,0
250650,20,2,146,0
250700,20,3,146,0
250750,20,3,147,0
250800,19,3,146,0
250850,19,3,146,0
250900,20,2,145,0
250950,20,3,146,0
251000,20,3,146,0
251050,19,2,146,0
251100,20,3,146,0
251150,19,5,146,0
251200,20,3,146,0
251250,19,3,146,0
251300,20,5,146,0
251350,19,3,146,0
251400,20,2,146,0
251450,19,4,147,0
251500,20,3,146,0
251550,20,3,146,0
251600,19,4,147,0
251650,20,3,146,0
251700,20,3,146,0
251750,20,2,146,0
251800,20,3,146,0
251850,20,3,146,0
251900,20,2,146,0
251950,20,3,146,0
252000,19,5,147,0
252050,19,3,146,0
252100,20,3,146,0
252150,19,5,146,0
252200,20,3,145,0
252250,20,3,146,0
252300,19,4,147,0
252350,20,3,146,0
252400,19,3,146,0
252450,20,4,147,0
252500,20,3,146,0
252550,20,3,146,0
252600,19,2,146,0
252650,20,3,146,0
252700,20,2,146,0
252750,20,2,146,0
252800,20,3,146,0
252850,19,5,146,0
252900,20,3,146,0
252950,20,3,146,0
253000,19,5,146,0
253050,20,3,146,0
253100,20,3,146,0
253150,19,3,147,0
253200,20,2,146,0
253250,20,3,146,0
253300,20,5,147,0
253350,20,4,147,0
253400,20,3,146,0
253450,19,3,146,0
253500,19,5,146,0
253550,20,3,146,0
253600,20,3,146,0
253650,19,5,146,0
253700,20,3,146,0
253750,20,3,146,0
253800,20,3,147,0
253850,20,3,146,0
253900,20,3,146,0
253950,20,3,147,0
254000,20,3,146,0
254050,19,3,146,0
254100,20,2,146,2
254150,20,3,146,2
254200,20,4,146,2
254250,20,4,146,2
254300,20,3,146,2
254350,20,2,146,2
254400,19,3,146,2
254450,20,3,145,2
254500,19,3,146,2
254550,19,4,147,2
254600,20,3,146,2
254650,20,3,146,2
254700,19,4,147,2
254750,20,3,146,2
254800,20,3,146,2
254850,20,4,147,2
254900,20,3,146,2
254950,20,3,146,2
255000,20,6,146,2
255050,20,5,147,2
255100,20,3,146,2
255150,20,3,146,2
255200,20,3,147,4
255250,20,3,146,4
255300,20,3,146,4
255350,20,3,146,4
255400,20,3,146,4
255450,19,3,146,4
255500,20,3,145,4
255550,20,3,146,4
255600,19,3,146,4
255650,20,3,146,4
255700,21,3,146,4
255750,20,3,146,4
255800,19,4,147,4
255850,20,3,146,4
255900,20,3,146,4
255950,19,5,147,4
256000,20,3,146,4
256050,20,3,146,4
256100,20,3,147,4
256150,20,2,146,4
256200,20,3,146,4
256250,19,4,147,4
256300,20,3,146,2
256350,20,3,146,2
256400,20,5,147,2
256450,20,2,146,2
256500,20,3,146,2
256550,20,3,146,2
256600,20,3,145,2
256650,19,3,146,2
256700,19,5,146,2
256750,20,3,146,2
256800,20,3,146,2
256850,19,5,146,2
256900,20,3,146,2
256950,20,3,146,2
257000,20,4,147,2
257050,21,3,146,2
257100,20,3,146,2
257150,20,3,146,2
257200,20,3,146,2
257250,20,3,146,2
257300,19,3,146,2
257350,20,3,146,2
257400,20,3,146,4
257450,19,3,146,4
257500,20,3,146,4
257550,20,3,146,4
257600,20,6,146,4
257650,20,4,147,4
257700,20,3,146,4
257750,20,3,146,4
257800,20,2,146,4
257850,20,3,146,4
257900,20,3,146,4
257950,20,2,146,4
258000,20,3,146,4
258050,19,5,146,4
258100,20,3,145,4
258150,20,3,146,4
258200,21,4,146,4
258250,19,4,147,4
258300,20,3,146,4
258350,19,3,146,4
258400,20,2,146,4
258450,19,3,146,4
258500,20,3,146,4
258550,20,2,146,4
258600,20,3,146,4
258650,19,3,146,4
258700,20,3,146,4
258750,19,3,146,4
258800,20,3,146,4
258850,19,4,147,4
258900,20,3,146,4
258950,19,3,146,4
259000,19,4,147,4
259050,20,3,146,4
259100,20,3,146,4
259150,19,4,147,4
259200,20,4,146,4
259250,20,3,146,4
259300,19,4,146,4
259350,20,3,145,4
259400,20,3,146,4
259450,19,5,146,4
259500,20,3,146,4
259550,20,3,146,4
259600,20,3,147,4
259650,20,3,146,4
259700,20,4,146,4
259750,19,3,146,4
259800,20,3,145,4
259850,19,3,146,4
259900,19,5,146,4
259950,19,3,146,4
260000,19,3,146,4
260050,19,5,147,4
260100,20,3,146,4
260150,19,3,146,4
260200,20,5,146,4
260250,20,2,145,4
260300,19,3,146,4
260350,20,3,146,4
260400,19,2,146,4
260450,19,3,146,4
260500,19,5,146,4
260550,19,3,145,4
260600,20,3,146,4
260650,20,4,146,4
260700,20,3,146,6
260750,20,3,146,6
260800,19,4,146,6
260850,20,3,145,6
260900,20,2,146,6
260950,19,4,147,6
261000,19,3,146,6
261050,21,3,146,6
261100,20,3,146,6
261150,20,2,146,6
261200,20,3,146,6
261250,19,4,146,6
261300,20,3,146,6
261350,20,3,146,6
261400,19,5,146,6
261450,20,3,146,6
261500,20,4,146,6
261550,20,3,146,6
261600,20,2,146,6
261650,20,3,146,6
261700,20,3,146,6
261750,20,2,146,6
261800,20,2,146,4
261850,19,4,146,4
261900,20,4,146,4
261950,19,3,146,4
262000,20,3,146,4
262050,20,3,146,4
262100,20,3,146,4
262150,19,4,146,4
262200,20,3,146,4
262250,20,3,146,4
262300,19,5,146,4
262350,20,4,147,4
262400,19,3,146,4
262450,19,3,146,4
262500,20,3,146,4
262550,20,3,146,4
262600,19,3,146,4
262650,19,2,146,4
262700,20,3,146,4
262750,20,3,146,4
262800,20,2,146,4
262850,20,3,146,4
262900,20,3,146,6
262950,20,2,146,6
263000,20,3,146,6
263050,20,5,146,6
263100,21,3,146,6
263150,20,3,146,6
263200,20,3,146,6
263250,20,3,147,6
263300,20,3,146,6
263350,19,3,146,6
263400,20,3,146,6
263450,20,4,146,6
263500,20,2,146,6
263550,20,3,147,6
263600,19,3,146,6
263650,20,3,146,6
263700,20,3,146,6
263750,20,3,146,6
263800,19,4,146,6
263850,20,4,147,6
263900,20,3,146,6
263950,20,3,146,6
264000,20,2,146,6
264050,20,3,146,6
264100,19,3,146,6
264150,19,3,146,6
264200,20,4,146,6
264250,20,3,146,6
264300,20,3,147,6
264350,20,3,146,6
264400,19,3,146,6
264450,19,3,145,6
264500,20,3,146,6
264550,20,3,146,6
264600,20,2,147,6
264650,20,3,146,6
264700,19,3,146,6
264750,19,3,145,6
264800,20,3,146,6
264850,20,5,146,6
264900,20,3,147,6
264950,20,3,146,6
265000,20,3,146,6
265050,20,3,146,6
265100,20,3,146,6
265150,20,4,146,6
265200,20,3,146,6
265250,20,3,146,6
265300,20,3,146,6
265350,20,3,146,6
265400,20,3,146,6
265450,19,4,146,6
265500,20,3,145,6
265550,21,3,146,6
265600,20,3,146,6
265650,20,2,146,6
265700,20,3,146,6
265750,20,3,146,6
265800,20,2,146,6
265850,20,4,146,6
265900,20,3,146,6
265950,20,2,146,6
266000,20,3,146,6
266050,20,2,146,6
266100,20,2,146,6
266150,20,3,146,6
266200,20,3,146,8
266250,20,3,147,8
266300,20,3,146,8
266350,20,3,146,8
266400,20,2,146,8
266450,20,3,146,8
266500,20,3,146,8
266550,20,3,147,8
266600,20,3,146,8
266650,20,3,146,8
266700,20,2,146,8
266750,20,3,146,8
266800,20,4,146,8
266850,20,3,147,8
266900,20,3,146,8
266950,20,3,146,8
267000,20,4,147,8
267050,20,3,146,8
267100,20,4,146,8
267150,19,3,147,8
267200,19,3,146,8
267250,20,3,146,8
267300,20,4,147,6
267350,20,3,146,6
267400,20,3,146,6
267450,19,4,147,6
267500,20,3,146,6
267550,20,3,146,6
267600,20,4,147,6
267650,20,3,146,6
267700,20,3,146,6
267750,19,4,147,6
267800,20,3,146,6
267850,20,3,146,6
267900,20,4,147,6
267950,20,4,146,6
268000,20,3,146,6
268050,19,4,147,6
268100,19,3,146,6
268150,19,3,146,6
268200,19,4,147,6
268250,20,4,146,6
268300,20,3,146,6
268350,19,4,147,6
268400,20,3,146,8
268450,19,3,146,8
268500,19,4,147,8
268550,20,2,146,8
268600,20,3,146,8
268650,19,4,147,8
268700,20,3,146,8
268750,20,3,146,8
268800,20,5,147,8
268850,20,3,146,8
268900,19,3,146,8
268950,19,4,146,8
269000,19,3,146,8
269050,19,3,146,8
269100,19,5,147,8
269150,19,3,146,8
269200,20,3,146,8
269250,19,5,147,8
269300,19,3,146,8
269350,20,3,146,8
269400,19,4,147,8
269450,20,3,146,8
269500,20,3,146,8
269550,19,5,146,8
269600,20,3,146,8
269650,19,3,146,8
269700,19,5,146,8
269750,20,3,145,8
269800,20,3,146,8
269850,19,4,146,8
269900,20,2,146,8
269950,20,3,146,8
270000,19,4,146,8
270050,19,3,145,8
270100,19,2,146,8
270150,20,3,146,8
270200,19,2,146,8
270250,20,3,146,8
270300,19,4,146,8
270350,20,3,145,8
270400,20,3,146,8
270450,20,3,146,8
270500,20,2,146,8
270550,20,3,146,8
270600,19,4,146,8
270650,20,3,146,8
270700,20,3,146,8
270750,20,3,146,8
270800,20,2,146,8
270850,20,3,146,8
270900,20,4,146,8
270950,20,2,146,8
271000,20,3,146,8
271050,20,3,146,8
271100,20,3,147,8
271150,20,3,146,8
271200,20,3,146,8
271250,20,2,146,8
271300,20,3,146,8
271350,20,3,146,8
271400,20,4,147,8
271450,20,3,146,8
271500,20,3,146,8
271550,20,2,146,8
271600,20,3,146,8
271650,20,4,146,8
271700,19,4,147,10
271750,20,2,146,10
271800,19,3,146,10
271850,20,2,146,10
271900,20,4,146,10
271950,19,3,146,10
272000,20,2,146,10
272050,20,3,146,10
272100,20,3,146,10
272150,20,4,147,10
272200,19,3,146,10
272250,20,3,146,10
272300,20,4,147,10
272350,20,3,146,10
272400,20,3,146,10
272450,19,5,146,10
272500,20,3,146,10
272550,20,3,146,10
272600,20,5,147,10
272650,20,3,146,10
272700,20,3,146,10
272750,19,5,146,10
272800,20,3,146,8
272850,20,3,146,8
272900,19,5,147,8
272950,20,3,146,8
273000,20,3,146,8
273050,20,6,147,8
273100,20,2,146,8
273150,20,3,146,8
273200,19,5,146,8
273250,20,3,146,8
273300,20,3,146,8
273350,19,3,146,8
273400,19,3,146,8
273450,20,3,146,8
273500,19,5,146,8
273550,20,2,146,8
273600,20,3,146,8
273650,20,3,146,8
273700,20,2,146,8
273750,21,4,146,8
273800,20,3,146,8
273850,20,2,146,8
273900,20,3,146,10
273950,20,4,146,10
274000,20,4,147,10
274050,20,3,146,10
274100,19,3,146,10
274150,20,2,146,10
274200,20,3,146,10
274250,20,3,146,10
274300,19,3,147,10
274350,19,3,146,10
274400,21,3,146,10
274450,20,4,147,10
274500,19,3,146,10
274550,20,3,146,10
274600,20,3,147,10
274650,20,3,146,10
274700,20,3,146,10
274750,20,3,146,10
274800,20,3,146,10
274850,20,3,146,10
274900,19,5,147,10
274950,20,3,146,10
275000,20,3,146,10
275050,20,4,147,10
275100,20,3,146,10
275150,20,3,146,10
275200,19,3,147,10
275250,20,3,146,10
275300,20,3,146,10
275350,19,4,147,10
275400,20,3,146,10
275450,20,3,146,10
275500,20,4,147,10
275550,20,3,146,10
275600,20,3,146,10
275650,19,4,147,10
275700,19,3,146,10
275750,19,3,146,10
275800,19,4,147,10
275850,20,3,146,10
275900,20,4,146,10
275950,19,5,146,10
276000,19,3,145,10
276050,20,3,146,10
276100,20,5,147,11
276150,20,2,146,11
276200,20,3,146,11
276250,19,5,146,11
276300,20,3,145,11
276350,20,3,146,11
276400,19,4,147,11
276450,20,3,146,11
276500,21,4,146,11
276550,19,4,146,11
276600,20,3,145,11
276650,19,3,146,11
276700,20,5,147,11
276750,20,3,146,11
276800,19,3,146,11
276850,19,4,146,11
276900,20,4,146,11
276950,20,3,146,11
277000,19,5,146,11
277050,20,3,146,11
277100,20,4,146,11
277150,20,3,146,11
277200,19,2,146,11
277250,20,3,146,11
277300,20,5,147,11
277350,19,3,145,11
277400,19,3,146,11
277450,19,4,146,11
277500,20,4,146,11
277550,20,3,146,11
277600,19,4,146,11
277650,20,3,145,11
277700,20,4,146,11
277750,19,3,146,11
277800,19,2,146,11
277850,20,3,146,11
277900,20,4,146,11
277950,19,3,146,11
278000,20,2,146,11
278050,19,4,146,11
278100,20,2,146,11
278150,20,3,146,11
278200,19,4,146,11
278250,20,3,145,11
278300,20,3,146,12
278350,19,3,146,12
278400,20,3,146,12
278450,20,3,146,12
278500,19,3,146,12
278550,20,3,146,12
278600,20,3,146,12
278650,20,3,146,12
278700,20,3,146,12
278750,19,3,146,12
278800,19,3,146,12
278850,20,3,146,12
278900,20,3,146,12
278950,19,3,146,12
279000,20,3,146,12
279050,20,3,146,12
279100,19,3,146,12
279150,20,3,146,12
279200,19,3,146,12
279250,20,3,146,12
279300,20,3,145,12
279350,20,3,146,12
279400,20,4,146,11
279450,20,2,146,11
279500,20,3,146,11
279550,19,4,146,11
279600,20,3,145,11
279650,20,3,146,11
279700,19,5,146,11
279750,20,3,145,11
279800,20,3,146,11
279850,19,3,146,11
279900,20,2,145,11
279950,21,4,146,11
280000,19,3,146,11
280050,20,2,146,11
280100,20,3,146,11
280150,19,3,146,11
280200,20,3,146,11
280250,20,3,146,11
280300,20,4,146,11
280350,20,3,146,11
280400,20,3,146,11
280450,19,4,146,11
280500,20,2,146,13
280550,20,3,146,13
280600,20,3,146,13
280650,20,3,146,13
280700,20,3,146,13
280750,19,3,146,13
280800,20,2,146,13
280850,19,3,146,13
280900,20,3,146,13
280950,20,2,147,13
281000,21,4,146,13
281050,20,3,146,13
281100,20,2,146,13
281150,20,3,146,13
281200,20,3,146,13
281250,20,4,147,13
281300,19,3,146,13
281350,21,3,146,13
281400,20,3,147,13
281450,20,3,146,13
281500,20,3,146,13
281550,19,4,147,13
281600,20,3,146,12
281650,20,3,146,12
281700,20,4,147,12
281750,19,3,146,12
281800,20,3,146,12
281850,19,4,147,12
281900,20,3,146,12
281950,20,3,146,12
282000,20,3,147,12
282050,21,4,146,12
282100,20,2,146,12
282150,19,4,147,12
282200,20,3,146,12
282250,20,3,146,12
282300,19,4,147,12
282350,20,3,146,12
282400,20,3,146,12
282450,19,5,146,12
282500,20,3,146,12
282550,20,4,146,12
282600,19,5,146,12
282650,20,3,145,12
282700,20,3,146,12
282750,20,3,146,12
282800,20,3,146,12
282850,20,3,146,12
282900,20,4,146,12
282950,20,3,145,12
283000,20,3,146,12
283050,19,4,146,12
283100,20,3,145,12
283150,19,3,146,12
283200,19,4,146,12
283250,20,2,146,12
283300,20,2,146,12
283350,19,5,146,12
283400,21,3,146,12
283450,20,3,146,12
283500,20,3,146,12
283550,19,2,146,12
283600,20,3,146,12
283650,19,3,146,12
283700,20,3,145,12
283750,20,3,146,12
283800,20,3,146,14
283850,20,2,146,14
283900,20,3,146,14
283950,20,3,146,14
284000,20,2,146,14
284050,20,4,146,14
284100,20,3,146,14
284150,19,4,147,14
284200,19,3,146,14
284250,20,3,146,14
284300,20,2,146,14
284350,19,3,146,14
284400,19,3,146,14
284450,19,4,147,14
284500,19,3,146,14
284550,20,3,146,14
284600,19,3,147,14
284650,19,3,146,14
284700,20,3,146,14
284750,19,4,146,14
284800,20,3,146,14
284850,20,4,146,14
284900,19,4,147,14
284950,20,3,146,14
285000,20,4,146,14
285050,19,4,146,14
285100,20,2,146,14
285150,20,3,146,14
285200,19,4,146,14
285250,19,3,146,14
285300,20,3,146,14
285350,19,4,146,14
285400,20,3,146,14
285450,20,3,146,14
285500,19,5,146,14
285550,20,2,145,14
285600,20,3,146,14
285650,19,3,146,14
285700,20,3,146,14
285750,20,3,146,14
285800,19,5,146,14
285850,20,3,145,14
285900,20,3,146,14
285950,19,4,146,14
286000,20,3,146,14
286050,20,3,146,14
286100,19,4,146,14
286150,20,3,145,14
286200,20,3,146,14
286250,20,3,146,14
286300,20,3,145,14
286350,20,3,146,14
286400,19,4,146,14
286450,20,2,146,14
286500,19,3,146,14
286550,19,3,146,14
286600,20,3,146,14
286650,20,2,146,14
286700,20,3,146,14
286750,20,2,146,14
286800,20,3,146,14
286850,20,2,146,14
286900,20,2,146,14
286950,20,3,146,14
287000,20,3,146,14
287050,20,3,146,14
287100,20,3,146,15
287150,20,3,146,15
287200,20,2,146,15
287250,20,4,146,15
287300,20,3,146,15
287350,20,3,147,15
287400,21,3,146,15
287450,20,3,146,15
287500,20,2,146,15
287550,20,3,146,15
287600,20,3,146,15
287650,20,4,147,15
287700,20,3,146,15
287750,20,3,146,15
287800,20,4,147,15
287850,20,3,146,15
287900,20,3,146,15
287950,19,4,147,15
288000,20,3,146,15
288050,20,3,146,15
288100,19,4,147,15
288150,20,3,146,15
288200,20,3,146,15
288250,19,5,146,15
288300,20,3,146,15
288350,20,3,146,15
288400,19,4,147,15
288450,20,3,146,15
288500,20,3,146,15
288550,20,5,146,15
288600,20,3,146,15
288650,20,3,146,15
288700,20,5,146,15
288750,20,2,145,15
288800,20,3,146,15
288850,20,3,146,15
288900,20,3,146,15
288950,20,3,146,15
289000,20,3,146,15
289050,20,3,146,15
289100,20,3,146,15
289150,20,3,146,15
289200,20,3,145,15
289250,21,4,146,15
289300,19,3,146,16
289350,20,3,146,16
289400,20,3,146,16
289450,20,3,146,16
289500,20,3,145,16
289550,20,3,146,16
289600,20,3,146,16
289650,20,2,146,16
289700,20,3,146,16
289750,19,3,146,16
289800,20,3,146,16
289850,20,3,146,16
289900,20,3,146,16
289950,20,3,147,16
290000,20,2,146,16
290050,19,3,146,16
290100,20,2,146,16
290150,20,3,146,16
290200,20,3,146,16
290250,20,4,147,16
290300,20,3,146,16
290350,21,4,146,16
290400,20,3,147,16
290450,20,3,146,16
290500,20,3,146,16
290550,20,3,147,16
290600,20,3,146,16
290650,20,3,146,16
290700,20,3,146,16
290750,21,4,146,16
290800,20,3,146,16
290850,20,4,147,16
290900,20,3,146,16
290950,20,2,146,16
291000,20,3,146,16
291050,20,3,146,16
291100,20,3,146,16
291150,20,5,147,16
291200,20,3,146,16
291250,20,3,146,16
291300,19,4,147,16
291350,20,3,146,16
291400,20,3,146,16
291450,19,5,146,16
291500,20,3,146,16
291550,21,4,146,16
291600,20,5,146,16
291650,20,3,146,16
291700,20,3,146,16
291750,19,4,146,16
291800,20,3,146,16
291850,20,3,146,16
291900,19,5,146,16
291950,21,4,146,16
292000,20,3,146,16
292050,19,3,146,16
292100,20,3,145,16
292150,20,3,146,16
292200,20,4,146,16
292250,20,2,146,16
292300,20,3,146,16
292350,20,4,146,16
292400,20,3,146,16
292450,19,3,146,16
292500,19,3,146,16
292550,20,3,145,16
292600,20,3,146,17
292650,20,3,146,17
292700,20,2,145,17
292750,19,3,146,17
292800,20,4,146,17
292850,20,2,145,17
292900,19,3,146,17
292950,19,4,146,17
293000,20,2,145,17
293050,20,3,146,17
293100,20,3,146,17
293150,20,2,146,17
293200,20,3,146,17
293250,20,4,146,17
293300,20,3,145,17
293350,20,3,146,17
293400,20,3,146,17
293450,20,2,146,17
293500,21,4,146,17
293550,19,3,146,17
293600,19,2,146,17
293650,19,2,146,17
293700,20,3,146,17
293750,20,3,146,17
293800,19,2,146,17
293850,19,3,146,17
293900,20,2,145,17
293950,19,3,146,17
294000,19,3,146,17
294050,20,2,146,17
294100,20,2,145,17
294150,19,3,146,17
294200,20,2,146,17
294250,20,3,146,17
294300,20,3,146,17
294350,20,2,146,17
294400,20,2,146,17
294450,19,3,146,17
294500,19,3,146,17
294550,20,3,146,17
294600,19,3,146,17
294650,20,2,146,17
294700,20,3,146,17
294750,19,5,146,17
294800,20,3,146,18
294850,20,3,146,18
294900,20,3,146,18
294950,20,2,146,18
295000,19,3,146,18
295050,19,4,146,18
295100,20,3,146,18
295150,20,3,146,18
295200,19,3,146,18
295250,20,2,146,18
295300,20,3,146,18
295350,19,5,146,18
295400,20,2,146,18
295450,20,3,146,18
295500,20,4,146,18
295550,20,2,146,18
295600,20,3,145,18
295650,19,4,146,18
295700,20,3,145,18
295750,21,3,146,18
295800,19,3,146,18
295850,20,3,146,18
295900,20,3,146,18
295950,19,5,146,18
296000,20,3,146,18
296050,19,3,146,18
296100,19,4,146,18
296150,20,3,145,18
296200,20,2,146,18
296250,19,4,146,18
296300,19,3,145,18
296350,20,4,146,18
296400,19,3,146,18
296450,20,2,145,18
296500,20,3,146,18
296550,19,4,146,18
296600,20,3,146,18
296650,19,3,146,18
296700,20,3,146,18
296750,20,3,145,18
296800,19,3,146,18
296850,20,3,146,18
296900,19,2,146,18
296950,19,3,146,18
297000,20,3,146,18
297050,20,3,146,18
297100,19,3,146,18
297150,19,3,146,18
297200,20,3,145,18
297250,19,3,146,18
297300,20,3,146,18
297350,19,3,146,18
297400,19,3,146,18
297450,20,4,146,18
297500,20,2,146,18
297550,20,3,146,18
297600,19,4,146,18
297650,20,3,145,18
297700,20,4,146,18
297750,19,3,146,18
297800,19,2,146,18
297850,20,3,146,18
297900,19,4,146,18
297950,20,2,146,18
298000,19,3,146,18
298050,20,4,146,18
298100,20,4,147,18
298150,20,3,146,18
298200,20,3,146,18
298250,20,2,146,18
298300,20,4,146,18
298350,20,3,146,18
298400,20,2,146,18
298450,20,3,146,18
298500,19,3,146,18
298550,20,2,146,18
298600,19,3,146,18
298650,20,3,146,18
298700,20,3,147,18
298750,20,3,146,18
298800,20,3,146,18
298850,19,2,146,18
298900,20,3,146,18
298950,19,3,146,18
299000,19,3,146,18
299050,20,3,146,18
299100,20,3,145,18
299150,20,4,147,18
299200,20,3,146,18
299250,19,3,146,18
299300,19,4,147,18
299350,19,3,146,18
299400,19,3,145,18
299450,19,3,146,18
299500,20,3,146,18
299550,20,3,146,18
299600,19,3,147,18
299650,19,3,146,18
299700,20,3,146,18
299750,20,3,146,18
299800,20,3,146,18
299850,20,3,146,18
299900,19,4,147,18
299950,20,3,146,18
300000,19,3,146,18
300050,19,3,146,18
300100,19,3,146,18
300150,19,3,146,18
300200,20,4,147,18
300250,20,3,146,18
300300,19,3,146,18
300350,20,4,147,18
300400,20,3,146,18
300450,20,3,146,18
300500,19,4,147,18
300550,20,3,146,18
300600,20,3,146,18
300650,20,3,146,18
300700,20,3,146,18
300750,20,3,145,18
300800,20,2,146,18
300850,20,3,146,18
300900,20,3,146,18
300950,20,3,146,18
301000,20,3,146,18
301050,19,3,146,18
301100,19,3,146,18
301150,20,3,146,18
301200,19,3,146,18
301250,20,2,146,18
301300,20,4,146,18
301350,20,3,145,18
301400,20,3,145,18
301450,20,3,146,18
301500,20,3,146,18
301550,20,3,146,18
301600,19,3,146,18
301650,20,3,146,18
301700,20,3,145,18
301750,20,3,146,18
301800,19,3,146,18
301850,20,3,145,18
301900,20,3,146,18
301950,19,3,146,18
302000,20,3,145,18
302050,20,3,146,18
302100,20,4,146,18
302150,20,3,145,18
302200,20,3,146,18
302250,19,4,146,18
302300,19,2,146,18
302350,19,3,146,18
302400,20,5,146,18
302450,19,3,145,18
302500,20,3,146,18
302550,19,4,147,18
302600,20,3,146,18
302650,20,3,146,18
302700,18,4,146,18
302750,20,3,146,18
302800,20,3,146,18
302850,20,4,146,18
302900,20,3,146,18
302950,20,3,146,18
303000,19,4,147,18
303050,20,3,146,18
303100,19,3,145,18
303150,19,4,146,18
303200,20,3,145,18
303250,20,3,146,18
303300,19,5,146,18
303350,20,3,145,18
303400,20,3,146,18
303450,19,4,146,18
303500,20,3,146,18
303550,20,3,146,18
303600,19,5,146,18
303650,20,3,145,18
303700,20,2,146,18
303750,19,4,147,18
303800,20,3,146,18
303850,20,3,146,18
303900,19,4,146,18
303950,20,3,145,18
304000,20,3,146,18
304050,20,4,146,18
304100,20,3,146,18
304150,20,3,146,18
304200,19,5,146,18
304250,19,3,146,18
304300,20,3,146,18
304350,19,4,147,18
304400,20,3,145,18
304450,19,3,146,18
304500,19,4,146,18
304550,20,2,146,18
304600,20,3,146,18
304650,20,5,146,18
304700,19,3,145,18
304750,20,3,146,18
304800,19,3,146,18
304850,20,2,145,18
304900,20,4,146,18
304950,19,3,146,18
305000,20,3,145,18
305050,20,3,146,18
305100,20,3,146,18
305150,20,3,146,18
305200,20,2,145,18
305250,19,5,146,18
305300,20,3,146,18
305350,20,3,146,18
305400,19,3,146,18
305450,20,2,146,18
305500,20,3,146,18
305550,20,4,146,18
305600,20,3,146,18
305650,20,3,146,18
305700,20,3,146,18
305750,20,3,145,18
305800,20,3,146,17
305850,20,3,146,17
305900,20,3,146,17
305950,20,3,146,17
306000,20,3,146,17
306050,20,3,145,17
306100,20,3,146,17
306150,19,3,146,17
306200,20,3,146,17
306250,20,3,146,17
306300,20,3,146,17
306350,20,2,145,17
306400,20,3,146,17
306450,19,3,146,17
306500,20,2,146,17
306550,20,3,146,17
306600,20,3,146,17
306650,20,3,145,17
306700,20,3,146,17
306750,20,3,146,17
306800,19,2,146,17
306850,20,3,146,17
306900,20,3,146,17
306950,20,3,146,17
307000,21,3,146,17
307050,20,3,146,17
307100,20,2,146,17
307150,20,2,146,17
307200,19,3,146,17
307250,20,2,146,17
307300,20,3,146,17
307350,19,3,146,17
307400,20,3,146,17
307450,20,3,146,17
307500,19,3,146,17
307550,21,3,146,17
307600,20,3,146,17
307650,20,3,146,17
307700,20,3,146,17
307750,20,3,145,17
307800,19,4,146,17
307850,20,2,145,17
307900,20,3,146,17
307950,20,4,146,17
308000,20,2,146,16
308050,20,3,146,16
308100,19,3,146,16
308150,20,3,146,16
308200,20,2,146,16
308250,19,3,146,16
308300,20,3,147,16
308350,20,3,146,16
308400,20,3,146,16
308450,20,2,146,16
308500,20,3,146,16
308550,20,3,146,16
308600,20,3,147,16
308650,21,4,146,16
308700,20,3,146,16
308750,19,2,146,16
308800,20,3,146,16
308850,19,3,146,16
308900,20,3,147,16
308950,20,3,146,16
309000,19,3,146,16
309050,20,2,146,16
309100,20,3,146,16
309150,20,3,146,16
309200,20,3,146,16
309250,20,3,146,16
309300,20,3,146,16
309350,20,3,146,16
309400,20,3,146,16
309450,20,3,145,16
309500,20,4,147,16
309550,19,3,146,16
309600,20,3,146,16
309650,20,3,146,16
309700,19,3,146,16
309750,20,3,146,16
309800,19,4,147,16
309850,19,3,146,16
309900,19,3,146,16
309950,20,2,146,16
310000,20,3,146,16
310050,20,3,146,16
310100,20,3,147,16
310150,20,3,146,16
310200,19,3,146,14
310250,20,2,146,14
310300,20,3,146,14
310350,20,3,146,14
310400,19,2,146,14
310450,20,3,146,14
310500,20,4,146,14
310550,20,2,146,14
310600,20,3,146,14
310650,20,4,146,14
310700,19,3,145,14
310750,20,3,146,14
310800,20,4,146,14
310850,19,2,146,14
310900,20,3,146,14
310950,20,3,146,14
311000,20,2,146,14
311050,20,3,146,14
311100,19,3,146,14
311150,20,2,146,14
311200,20,3,146,14
311250,20,3,146,14
311300,20,3,146,16
311350,20,3,146,16
311400,20,3,146,16
311450,20,2,146,16
311500,20,2,145,16
311550,19,3,146,16
311600,19,3,145,16
311650,19,2,146,16
311700,20,2,146,16
311750,20,2,146,16
311800,20,2,146,16
311850,19,3,146,16
311900,20,2,146,16
311950,20,3,146,16
312000,20,2,146,16
312050,20,3,147,16
312100,20,2,146,16
312150,20,4,146,16
312200,20,2,146,16
312250,20,3,146,16
312300,20,3,146,16
312350,19,3,147,16
312400,19,3,146,14
312450,20,3,146,14
312500,20,2,146,14
312550,20,3,146,14
312600,20,3,146,14
312650,20,3,147,14
312700,20,3,146,14
312750,20,4,146,14
312800,20,2,146,14
312850,20,3,146,14
312900,21,3,146,14
312950,20,3,147,14
313000,20,3,146,14
313050,19,3,146,14
313100,20,2,146,14
313150,20,3,146,14
313200,20,3,146,14
313250,20,3,147,14
313300,20,3,146,14
313350,20,3,146,14
313400,20,3,146,14
313450,20,3,146,14
313500,20,3,146,14
313550,19,4,147,14
313600,20,3,146,14
313650,20,3,146,14
313700,21,4,147,14
313750,20,3,146,14
313800,20,3,146,14
313850,20,5,147,14
313900,22,3,146,14
313950,21,3,146,14
314000,20,3,146,14
314050,20,3,146,14
314100,20,2,146,14
314150,21,4,147,14
314200,19,3,146,14
314250,20,3,146,14
314300,34,3,147,14
314350,25,3,146,14
314400,31,3,146,14
314450,33,4,146,14
314500,45,3,146,14
314550,31,3,146,14
314600,40,5,146,14
314650,41,4,146,14
314700,38,4,146,14
314750,31,3,146,14
314800,29,4,146,14
314850,27,5,147,14
314900,28,4,146,14
314950,27,3,146,14
315000,24,3,146,14
315050,23,3,146,14
315100,22,5,146,14
315150,24,4,147,14
315200,23,3,146,14
315250,23,3,146,14
315300,23,3,146,14
315350,23,4,147,14
315400,23,3,145,14
315450,26,4,146,14
315500,27,4,146,14
315550,27,4,146,14
315600,28,4,146,14
315650,24,7,147,14
315700,23,3,146,14
315750,23,3,145,14
315800,20,4,146,14
315850,20,4,146,14
315900,24,5,146,14
315950,19,5,146,14
316000,13,8,147,14
316050,20,4,146,14
316100,57,4,146,14
316150,77,5,147,14
316200,96,4,146,14
316250,113,3,146,14
316300,136,3,146,14
316350,153,4,146,14
316400,158,3,146,14
316450,180,3,146,14
316500,194,5,146,14
316550,281,5,146,14
316600,234,3,146,14
316650,314,3,146,14
316700,427,6,146,14
316750,551,4,146,14
316800,455,3,146,12
316850,677,4,146,12
316900,683,3,146,12
316950,684,4,146,12
317000,685,3,145,12
317050,684,4,145,12
317100,684,4,147,12
317150,685,3,146,12
317200,684,3,145,12
317250,684,4,146,12
317300,684,3,145,12
317350,682,5,146,12
317400,682,4,146,12
317450,681,3,146,12
317500,680,3,146,12
317550,678,4,146,12
317600,679,6,146,12
317650,678,20,146,12
317700,678,5,146,12
317750,679,6,146,12
317800,681,4,146,12
317850,682,4,147,12
317900,681,7,146,13
317950,684,81,146,13
318000,685,14,146,13
318050,686,97,146,13
318100,686,247,146,13
318150,686,256,146,13
318200,686,297,146,13
318250,686,310,145,13
318300,687,305,146,13
318350,687,305,145,13
318400,687,553,145,13
318450,686,444,145,13
318500,687,311,145,13
318550,687,292,145,13
318600,688,288,145,13
318650,688,286,146,13
318700,687,303,145,13
318750,688,295,145,13
318800,687,300,145,13
318850,687,298,145,13
318900,687,307,146,13
318950,686,324,145,13
319000,685,318,145,12
319050,685,324,146,12
319100,685,333,145,12
319150,684,336,146,12
319200,682,326,145,12
319250,683,324,145,12
319300,683,318,145,12
319350,681,350,145,12
319400,681,331,145,12
319450,682,326,144,12
319500,682,314,145,12
319550,681,266,146,12
319600,680,192,146,12
319650,680,134,146,12
319700,679,102,146,12
319750,679,89,146,12
319800,678,72,146,12
319850,680,49,146,12
319900,680,14,146,12
319950,679,1,146,12
320000,680,2,147,12
320050,680,1,146,12
320100,680,3,146,11
320150,679,2,146,11
320200,681,42,146,11
320250,684,67,146,11
320300,684,4,145,11
320350,683,4,146,11
320400,683,6,146,11
320450,683,5,146,11
320500,682,3,146,11
320550,682,4,146,11
320600,683,4,146,11
320650,683,5,147,11
320700,683,6,146,11
320750,683,5,146,11
320800,683,2,146,11
320850,683,2,146,11
320900,684,10,146,11
320950,683,40,146,11
321000,684,2,146,11
321050,684,1,146,11
321100,684,1,146,11
321150,683,2,146,11
321200,684,3,145,12
321250,684,3,146,12
321300,684,26,146,12
321350,683,5,146,12
321400,684,4,146,12
321450,684,4,145,12
321500,684,6,147,12
321550,683,4,145,12
321600,684,4,146,12
321650,685,6,147,12
321700,686,4,146,12
321750,687,6,147,12
321800,691,4,146,12
321850,691,7,146,12
321900,691,5,146,12
321950,690,7,146,12
322000,691,4,145,12
322050,691,4,146,12
322100,690,4,146,12
322150,691,4,146,12
322200,691,4,145,12
322250,691,4,146,12
322300,690,3,146,10
322350,691,4,146,10
322400,691,4,146,10
322450,693,4,146,10
322500,692,6,147,10
322550,693,4,146,10
322600,695,6,146,10
322650,702,5,146,10
322700,699,5,146,10
322750,695,4,146,10
322800,692,5,146,10
322850,685,4,146,10
322900,636,4,146,10
322950,624,4,146,10
323000,621,4,146,10
323050,621,6,146,10
323100,623,4,146,10
323150,626,4,146,10
323200,625,4,146,10
323250,626,4,146,10
323300,625,3,146,10
323350,625,4,146,10
323400,625,6,146,10
323450,623,5,146,10
323500,623,6,146,10
323550,616,4,146,10
323600,597,4,146,10
323650,569,4,146,10
323700,551,4,146,10
323750,524,5,147,10
323800,487,4,146,10
323850,454,5,147,10
323900,409,5,146,10
323950,358,4,146,10
324000,285,4,145,10
324050,254,4,146,10
324100,245,4,146,10
324150,247,4,146,10
324200,250,5,147,10
324250,251,4,146,10
324300,252,4,146,10
324350,252,5,146,10
324400,251,4,146,10
324450,252,3,146,10
324500,252,4,146,10
324550,252,23,147,10
324600,253,32,146,10
324650,255,13,146,10
324700,255,23,146,10
324750,258,2,146,10
324800,256,15,147,10
324850,256,15,146,10
324900,256,21,146,10
324950,256,4,146,10
325000,256,75,146,10
325050,257,65,146,10
325100,257,9,146,10
325150,257,2,146,10
325200,258,2,146,10
325250,258,6,146,10
325300,258,66,146,10
325350,258,115,146,10
325400,258,171,146,10
325450,259,260,146,10
325500,260,323,145,10
325550,260,354,145,10
325600,259,383,146,10
325650,259,410,145,10
325700,259,448,146,10
325750,260,493,145,10
325800,260,516,145,10
325850,260,550,145,10
325900,259,556,145,10
325950,259,570,146,10
326000,260,595,145,10
326050,259,585,145,10
326100,259,582,145,10
326150,259,584,145,10
326200,259,580,145,10
326250,259,577,145,10
326300,259,579,145,10
326350,260,580,145,10
326400,260,580,145,10
326450,260,580,145,10
326500,260,580,145,10
326550,260,580,145,10
326600,259,580,144,10
326650,259,580,145,10
326700,259,580,145,8
326750,258,580,145,8
326800,258,580,145,8
326850,258,580,144,8
326900,258,580,145,8
326950,258,580,145,8
327000,258,580,145,8
327050,258,579,145,8
327100,258,581,145,8
327150,258,580,145,8
327200,258,581,145,8
327250,258,580,145,8
327300,258,579,146,8
327350,258,580,145,8
327400,259,580,145,8
327450,258,580,144,8
327500,259,579,145,8
327550,258,578,145,8
327600,258,580,145,8
327650,259,580,145,8
327700,259,580,145,8
327750,259,579,145,8
327800,258,579,145,10
327850,258,580,145,10
327900,258,580,145,10
327950,258,580,144,10
328000,259,579,145,10
328050,258,578,145,10
328100,258,580,145,10
328150,258,579,146,10
328200,258,580,145,10
328250,258,579,145,10
328300,257,578,146,10
328350,258,580,145,10
328400,258,580,145,10
328450,258,580,145,10
328500,258,580,145,10
328550,258,579,146,10
328600,258,580,145,10
328650,257,580,145,10
328700,258,580,145,10
328750,258,580,145,10
328800,259,579,146,10
328850,258,580,145,10
328900,258,579,145,8
328950,258,580,145,8
329000,258,580,145,8
329050,258,580,145,8
329100,258,580,145,8
329150,258,578,145,8
329200,258,580,145,8
329250,258,580,145,8
329300,258,580,145,8
329350,258,579,146,8
329400,257,578,145,8
329450,258,580,146,8
329500,258,580,145,8
329550,257,580,145,8
329600,257,580,145,8
329650,258,578,146,8
329700,258,580,145,8
329750,258,580,146,8
329800,257,580,145,8
329850,258,580,145,8
329900,258,580,145,8
329950,258,580,145,8
330000,258,580,145,8
330050,258,580,145,8
330100,258,580,145,8
330150,257,578,145,8
330200,258,579,146,8
330250,257,580,145,8
330300,258,580,145,8
330350,258,580,145,8
330400,258,578,146,8
330450,258,580,145,8
330500,258,578,146,8
330550,258,580,145,8
330600,258,579,145,8
330650,258,578,146,8
330700,258,580,145,8
330750,258,580,145,8
330800,258,579,145,8
330850,258,580,145,8
330900,258,578,146,8
330950,258,580,145,8
331000,257,580,145,8
331050,257,580,145,8
331100,257,580,145,7
331150,257,578,146,7
331200,257,580,145,7
331250,257,580,145,7
331300,257,580,145,7
331350,257,580,145,7
331400,257,580,145,7
331450,257,579,145,7
331500,257,580,145,7
331550,257,580,144,7
331600,257,580,145,7
331650,257,580,145,7
331700,257,580,145,7
331750,256,578,145,7
331800,257,580,144,7
331850,257,580,145,7
331900,257,579,146,7
331950,257,580,145,7
332000,257,578,146,7
332050,257,580,145,7
332100,258,580,145,7
332150,257,579,146,7
332200,257,580,145,7
332250,257,578,146,7
332300,258,580,145,7
332350,258,580,145,7
332400,258,578,146,7
332450,257,580,145,7
332500,258,580,145,7
332550,258,580,145,7
332600,257,580,145,7
332650,257,580,145,7
332700,257,580,145,7
332750,257,579,146,7
332800,257,580,145,7
332850,258,580,145,7
332900,258,580,145,7
332950,258,580,145,7
333000,257,578,146,7
333050,258,580,145,7
333100,258,580,145,7
333150,258,580,145,7
333200,257,580,145,7
333250,257,578,146,7
333300,258,580,145,6
333350,258,580,145,6
333400,258,580,145,6
333450,258,580,145,6
333500,257,578,145,6
333550,258,580,145,6
333600,258,580,145,6
333650,258,580,145,6
333700,258,580,145,6
333750,258,579,146,6
333800,258,579,145,6
333850,258,580,145,6
333900,258,580,145,6
333950,258,580,145,6
334000,258,580,145,6
334050,258,580,145,6
334100,257,578,146,6
334150,258,579,145,6
334200,258,580,145,6
334250,258,579,146,6
334300,258,580,145,6
334350,257,579,146,6
334400,258,580,145,6
334450,258,580,145,6
334500,258,580,146,6
334550,258,580,145,6
334600,257,579,145,6
334650,258,580,145,6
334700,258,580,145,6
334750,258,580,145,6
334800,258,580,145,6
334850,258,580,146,6
334900,258,580,145,6
334950,258,580,145,6
335000,258,580,145,6
335050,257,580,145,6
335100,257,579,146,6
335150,258,580,145,6
335200,257,579,145,6
335250,258,580,145,6
335300,258,580,145,6
335350,257,579,146,6
335400,258,581,145,6
335450,257,579,146,6
335500,258,580,145,6
335550,257,580,145,6
335600,257,580,145,6
335650,257,580,145,6
335700,257,579,146,6
335750,257,581,145,6
335800,257,581,145,6
335850,257,581,145,6
335900,257,580,145,6
335950,257,579,146,6
336000,257,581,145,6
336050,257,580,145,6
336100,257,580,145,6
336150,257,580,145,6
336200,257,579,145,6
336250,257,580,145,6
336300,257,580,145,6
336350,257,580,145,6
336400,257,580,145,6
336450,257,580,145,6
336500,257,580,145,6
336550,257,580,145,6
336600,257,580,144,6
336650,257,580,145,6
336700,257,580,145,6
336750,257,580,145,6
336800,257,579,146,6
336850,257,580,145,6
336900,257,580,145,6
336950,258,580,145,6
337000,257,580,145,6
337050,257,579,146,6
337100,257,580,145,6
337150,257,580,145,6
337200,257,580,144,6
337250,257,580,145,6
337300,257,579,146,6
337350,257,580,145,6
337400,257,579,146,6
337450,257,580,146,6
337500,257,580,145,6
337550,257,579,146,6
337600,257,580,145,6
337650,257,580,145,6
337700,257,580,145,4
337750,257,580,145,4
337800,257,580,145,4
337850,257,580,145,4
337900,257,579,146,4
337950,257,580,145,4
338000,257,580,145,4
338050,257,580,145,4
338100,257,580,145,4
338150,257,579,145,4
338200,257,580,145,4
338250,257,580,145,4
338300,257,580,145,4
338350,257,579,146,4
338400,257,579,146,4
338450,257,580,145,4
338500,257,580,145,4
338550,257,580,145,4
338600,257,580,145,4
338650,257,579,146,4
338700,257,580,145,4
338750,257,580,145,4
338800,257,580,145,4
338850,257,580,145,4
338900,257,578,146,4
338950,257,580,145,4
339000,257,580,145,4
339050,257,580,145,4
339100,257,580,145,4
339150,257,579,146,4
339200,257,580,145,4
339250,257,579,146,4
339300,257,580,145,4
339350,257,580,145,4
339400,257,579,145,4
339450,257,580,145,4
339500,257,580,145,4
339550,257,580,145,4
339600,257,580,145,4
339650,257,580,145,4
339700,257,580,145,4
339750,257,579,146,4
339800,257,580,145,4
339850,257,579,145,4
339900,257,580,145,4
339950,257,580,145,4
340000,257,578,145,4
340050,257,580,145,4
340100,257,580,145,4
340150,257,580,145,4
340200,257,580,145,4
340250,257,579,146,4
340300,257,580,145,4
340350,257,580,145,4
340400,257,580,145,4
340450,257,580,145,4
340500,257,580,145,4
340550,257,580,145,4
340600,257,579,145,4
340650,257,580,145,4
340700,257,580,145,4
340750,257,580,146,4
340800,257,580,145,4
340850,256,579,145,4
340900,257,580,145,4
340950,257,580,145,4
341000,257,580,144,4
341050,257,580,145,4
341100,257,579,145,4
341150,257,580,145,4
341200,257,579,145,4
341250,257,579,145,4
341300,257,580,145,4
341350,257,579,145,4
341400,257,580,145,4
341450,257,580,145,4
341500,257,580,145,4
341550,257,580,145,4
341600,257,580,145,4
341650,257,580,145,4
341700,256,579,145,4
341750,257,580,145,4
341800,257,580,145,4
341850,257,580,144,4
341900,257,579,145,4
341950,257,580,146,4
342000,257,580,145,4
342050,257,580,145,4
342100,256,579,146,4
342150,257,580,145,4
342200,257,580,145,4
342250,257,580,144,4
342300,257,580,145,4
342350,257,579,146,4
342400,257,580,145,4
342450,257,579,145,4
342500,257,580,145,4
342550,257,580,145,4
342600,257,580,145,4
342650,258,579,145,4
342700,257,580,145,4
342750,257,580,145,4
342800,258,580,145,4
342850,257,579,145,4
342900,258,580,145,4
342950,258,580,145,4
343000,257,580,145,4
343050,257,580,145,4
343100,257,579,145,4
343150,257,580,145,4
343200,257,579,145,2
343250,257,580,145,2
343300,257,580,145,2
343350,257,580,144,2
343400,257,580,145,2
343450,257,578,146,2
343500,257,580,145,2
343550,257,580,145,2
343600,257,579,146,2
343650,257,580,145,2
343700,257,580,145,2
343750,257,580,145,2
343800,257,580,145,2
343850,256,579,146,2
343900,257,580,145,2
343950,256,580,145,2
344000,257,580,144,2
344050,257,580,145,2
344100,257,579,146,2
344150,257,580,145,2
344200,257,579,146,2
344250,257,580,145,2
344300,257,580,145,2
344350,257,580,145,2
344400,257,580,145,2
344450,257,579,146,2
344500,257,579,146,2
344550,257,580,145,2
344600,257,579,145,2
344650,257,580,145,2
344700,257,580,145,2
344750,257,580,145,2
344800,257,580,145,2
344850,257,579,146,2
344900,257,580,145,2
344950,257,580,146,2
345000,257,580,145,2
345050,257,580,145,2
345100,257,580,145,2
345150,257,580,145,2
345200,257,579,146,2
345250,257,580,145,2
345300,257,580,145,2
345350,257,580,145,2
345400,257,580,145,2
345450,257,580,146,2
345500,258,579,145,2
345550,257,579,146,2
345600,257,578,146,2
345650,257,580,145,2
345700,257,580,145,2
345750,257,579,146,2
345800,257,580,145,2
345850,257,579,145,2
345900,257,580,145,2
345950,257,580,145,2
346000,257,580,144,2
346050,257,580,145,2
346100,257,579,146,2
346150,257,580,145,2
346200,257,578,146,2
346250,257,580,145,2
346300,257,580,145,2
346350,257,580,145,2
346400,257,580,145,2
346450,257,578,146,2
346500,257,580,145,2
346550,257,579,145,2
346600,257,580,145,2
346650,257,580,145,2
346700,257,580,145,2
346750,257,580,145,2
346800,257,579,146,2
346850,257,580,145,2
346900,257,580,145,2
346950,257,580,145,2
347000,257,579,146,2
347050,257,579,146,2
347100,257,578,146,2
347150,257,579,145,2
347200,257,580,145,2
347250,257,578,145,2
347300,257,580,145,2
347350,257,579,145,2
347400,257,580,145,2
347450,257,580,145,2
347500,257,578,146,2
347550,257,580,145,2
347600,257,580,145,2
347650,257,580,146,2
347700,257,580,145,2
347750,257,580,145,2
347800,257,580,145,2
347850,257,579,146,2
347900,257,580,145,2
347950,257,578,146,2
348000,257,580,145,2
348050,257,580,145,2
348100,257,580,145,2
348150,257,580,145,2
348200,257,578,145,2
348250,257,580,145,2
348300,257,579,145,2
348350,257,580,145,2
348400,257,580,145,2
348450,257,580,145,2
348500,257,580,145,2
348550,257,579,146,2
348600,257,580,145,2
348650,257,580,145,2
348700,257,580,145,0
348750,257,580,145,0
348800,257,580,146,0
348850,257,580,145,0
348900,256,578,145,0
348950,257,580,145,0
349000,257,580,145,0
349050,257,580,145,0
349100,257,580,145,0
349150,257,579,146,0
349200,257,580,145,0
349250,257,579,146,0
349300,257,580,144,0
349350,257,579,145,0
349400,257,580,145,0
349450,257,580,145,0
349500,256,578,146,0
349550,257,580,145,0
349600,257,580,145,0
349650,257,580,145,0
349700,256,580,145,0
349750,256,580,145,0
349800,256,580,145,0
349850,256,578,145,0
349900,257,580,145,0
349950,257,579,145,0
350000,256,580,144,0
350050,257,579,145,0
350100,256,578,146,0
350150,257,579,145,0
350200,256,579,145,0
350250,257,580,145,0
350300,257,580,145,0
350350,257,580,145,0
350400,257,579,145,0
350450,256,578,146,0
350500,257,580,145,0
350550,256,578,145,0
350600,257,579,145,0
350650,257,580,145,0
350700,257,580,145,0
350750,257,580,145,0
350800,256,578,146,0
350850,257,580,145,0
350900,257,579,145,0
350950,257,580,144,0
351000,257,580,145,0
351050,257,578,146,0
351100,257,580,145,0
351150,256,578,145,0
351200,257,579,145,0
351250,257,580,145,0
351300,257,580,145,0
